10
3 10
1 1 10
1 2 5
2 1 5
4 10
1 1 10
1 3 10
3 2 5
4 2 6
459 345
593 878 466
748 643 704
773 955 606
552 748 874
116 642 979
594 927 230
333 439 529
281 819 839
214 153 254
484 140 517
201 755 105
722 162 695
565 661 896
114 609 526
641 659 428
313 509 301
396 471 28
213 93 742
532 519 188
208 320 698
911 165 324
291 847 862
798 717 357
721 167 458
172 460 938
582 472 553
633 892 780
854 429 670
2 786 57
489 310 559
483 76 442
803 488 280
895 472 462
963 573 823
970 229 776
106 780 424
506 583 500
539 969 714
332 223 820
113 93 452
74 321 995
857 4 611
348 558 353
248 261 707
992 30 320
390 131 144
133 687 219
547 75 536
676 910 958
207 142 146
164 834 600
934 534 611
494 97 585
680 144 811
727 946 420
528 251 231
566 575 784
5 518 712
151 904 837
228 954 82
981 238 820
387 634 566
203 629 636
91 904 732
219 510 821
5 283 231
626 366 440
330 550 929
141 273 147
790 220 576
592 836 981
461 636 188
544 308 128
729 977 748
38 520 754
816 926 332
637 376 932
933 335 860
871 940 446
349 906 64
609 190 568
580 10 817
212 838 326
572 460 454
492 553 740
178 152 527
252 101 960
126 83 598
59 346 12
45 420 983
496 521 221
228 601 549
755 33 370
266 600 703
980 470 378
511 792 363
237 364 430
810 958 768
412 950 43
489 462 770
271 546 411
281 292 575
239 505 137
955 762 921
409 366 90
970 456 552
200 59 260
773 521 84
159 116 884
703 944 917
337 774 238
931 568 789
886 242 854
333 295 363
61 780 823
549 616 471
376 934 792
373 497 529
208 470 117
906 285 296
246 585 178
634 179 356
111 617 693
561 441 646
996 353 166
547 339 970
12 816 409
39 228 539
251 128 601
643 10 3
226 293 255
371 547 656
180 966 608
261 225 193
423 378 833
353 802 248
474 671 353
573 655 372
784 315 846
191 432 600
644 393 545
584 103 677
37 70 551
30 252 140
620 124 844
592 421 511
918 632 574
17 145 233
235 763 170
583 433 66
861 866 47
189 503 782
747 434 662
430 827 141
61 599 244
860 177 273
403 503 91
180 609 496
114 214 897
772 514 352
388 24 72
290 673 229
189 828 771
492 462 417
769 818 678
910 682 639
517 133 244
731 517 690
173 528 211
58 816 480
971 754 314
663 872 46
802 475 511
586 580 431
702 436 762
106 572 69
950 20 387
207 437 718
22 691 286
851 216 832
787 91 324
49 434 505
497 230 339
16 410 244
608 954 272
215 818 773
635 994 86
686 931 57
298 715 454
235 793 532
930 730 435
937 777 18
201 398 205
866 610 462
446 517 512
91 487 810
170 114 986
933 553 648
922 969 369
497 889 697
364 361 581
469 607 477
363 569 890
113 878 107
971 954 406
243 573 793
88 802 479
147 769 456
239 39 157
953 615 964
427 381 692
655 422 689
375 289 534
735 602 146
827 420 2
553 701 789
899 540 838
894 31 615
151 457 59
520 854 947
830 942 990
510 499 654
131 561 638
82 174 876
464 121 186
609 904 847
770 842 422
733 729 717
336 989 126
558 151 75
663 412 629
780 730 840
328 925 407
375 918 885
587 874 826
184 313 796
510 748 474
18 500 902
975 626 529
64 310 105
477 614 853
533 654 555
819 246 350
158 183 549
164 658 904
936 664 407
391 229 871
296 100 454
714 701 816
101 171 555
947 766 627
172 522 621
772 865 259
729 758 168
607 824 947
680 680 796
580 787 30
82 469 251
559 416 473
108 719 346
446 908 907
938 814 506
589 313 75
237 273 817
573 895 858
272 868 557
97 512 199
848 63 453
605 302 588
293 407 25
970 491 167
93 882 942
477 504 202
770 278 520
110 361 841
409 740 879
347 622 360
666 971 235
349 966 410
861 551 998
574 881 889
792 966 601
190 624 279
174 333 678
922 489 44
738 629 296
879 567 234
531 99 966
774 321 172
971 38 67
632 573 258
30 13 228
706 854 974
553 308 50
575 48 378
247 375 450
634 475 128
577 798 265
570 647 907
402 840 940
866 180 246
978 163 948
706 703 72
595 4 225
679 391 753
16 633 215
229 723 174
985 764 76
342 129 55
467 300 101
689 473 502
791 627 707
824 43 560
48 573 692
470 861 129
784 312 643
705 745 953
910 595 394
890 156 584
558 258 706
99 765 675
492 173 811
239 971 796
438 990 818
745 141 992
206 421 137
322 116 37
114 124 287
865 590 35
635 476 705
710 774 82
865 784 446
931 78 167
910 65 190
436 892 550
59 14 930
745 85 281
745 94 121
939 655 981
592 348 457
189 454 767
404 650 600
24 910 659
354 125 190
634 275 562
676 170 890
3 630 314
986 310 967
368 888 24
143 163 738
409 286 520
810 11 254
230 691 827
381 59 128
448 198 537
798 60 500
817 804 850
825 966 728
154 943 575
271 626 600
253 495 22
717 893 505
45 706 670
985 854 484
260 412 700
449 830 786
443 18 129
894 678 162
565 918 785
560 458 241
223 804 122
254 410 267
756 396 500
269 850 454
589 166 616
143 66 982
198 195 451
10 561 580
627 609 400
91 800 827
783 499 512
457 864 729
230 777 182
463 35 175
668 995 140
702 907 584
559 962 346
299 850 181
803 6 66
665 983 706
620 881 940
71 18 186
1 764 357
17 267 413
327 384 251
231 640 91
137 725 415
677 407 705
31 161 962
238 786 348
254 948 890
384 749 107
290 342 76
323 95 676
535 278 282
378 949 308
449 655 534
675 297 743
739 540 207
304 377 474
410 4 975
329 883 722
250 881 703
403 458 497
369 773 335
14 233 764
541 699 750
43 554 274
891 99 322
257 819 92
406 31 776
104 736 480
495 6 308
796 257 769
144 901 135
452 238 902
334 876 25
401 753 30
274 884 909
807 764 35
932 528 434
752 756 43
349 561 647
470 16 774
575 568 951
678 368 777
44 150 365
372 27 135
290 314 399
993 690 59
299 575 237
342 272 9
42 142 254
859 684 678
890 67 307
51 727 691
472 344 573
688 932 835
399 148 221
916 659 215
592 767 782
508 647 189
555 93 550
246 113 982
780 715 873
50 127 195
539 732 474
268 675 773
69 972 816
899 238
789 606 285
606 373 497
588 104 250
744 623 226
125 215 65
928 992 930
423 736 702
883 319 626
192 422 786
626 418 582
228 424 606
222 67 341
238 950 891
771 229 125
146 837 876
473 765 553
446 255 611
57 798 478
90 807 483
913 433 688
530 819 413
739 762 508
747 834 454
473 622 41
356 6 727
576 319 827
72 499 537
662 164 40
37 469 12
917 35 469
947 959 790
680 515 333
584 296 242
549 634 425
307 525 786
923 163 262
598 639 490
437 851 193
358 457 893
626 575 487
63 639 484
570 208 741
9 989 120
238 385 971
517 985 3
866 798 439
770 737 786
299 456 464
501 515 991
912 369 144
196 268 910
796 924 676
115 602 289
917 342 414
142 214 368
165 883 529
398 137 795
470 277 219
131 102 920
520 992 826
591 442 814
635 844 338
476 60 769
291 478 151
350 127 599
13 975 593
256 203 316
228 805 154
791 38 597
495 73 924
10 849 13
765 297 594
59 287 469
924 755 256
624 749 967
307 569 729
255 928 347
204 606 546
96 107 376
619 665 217
244 669 817
57 810 583
435 970 470
491 361 701
180 975 498
194 744 309
989 951 844
253 111 671
48 953 84
273 999 452
70 263 243
922 317 547
483 590 743
819 120 822
532 47 676
350 198 395
951 910 924
91 309 73
24 969 148
734 915 19
159 649 469
654 208 474
333 245 860
706 263 815
776 181 90
441 203 703
944 487 589
316 760 585
537 721 291
89 534 400
458 537 674
548 849 636
600 142 17
101 893 77
560 662 531
287 665 989
43 190 486
29 381 157
10 495 543
156 641 445
762 885 505
48 91 714
720 682 404
967 442 487
857 470 525
288 602 690
615 24 4
982 94 803
775 683 311
908 67 757
725 79 113
150 578 594
878 135 915
288 132 615
609 604 157
283 774 844
932 363 821
699 418 485
565 819 146
177 226 936
173 734 524
653 989 780
119 843 433
624 194 174
220 779 644
278 716 133
249 510 788
903 288 595
544 521 623
910 391 341
844 116 50
720 940 260
323 386 295
688 876 20
442 885 229
976 597 155
189 67 213
286 763 533
749 719 565
542 713 537
935 705 376
10 811 169
401 612 567
3 404 848
453 586 668
197 246 147
44 111 949
951 859 201
773 302 661
700 789 27
608 182 726
822 960 404
497 965 61
652 503 491
863 665 334
612 407 501
680 457 482
447 502 485
702 706 661
81 602 795
50 671 6
552 638 74
860 311 872
815 597 343
36 935 616
309 413 409
117 822 868
899 739 684
273 785 184
81 795 569
483 285 305
405 926 385
470 862 62
368 825 851
415 677 994
647 531 570
712 317 985
605 473 490
764 175 611
797 268 27
867 288 533
74 635 178
719 36 344
815 680 635
970 631 641
467 334 961
404 668 778
300 120 920
679 871 434
891 198 90
648 471 494
387 308 294
651 966 654
291 310 590
151 601 48
137 328 154
334 239 353
49 679 544
355 266 999
309 947 635
632 659 538
168 419 838
890 699 886
970 130 357
342 65 38
578 320 775
257 403 600
64 21 576
810 465 651
762 866 95
830 629 640
725 80 892
509 440 287
671 996 618
867 270 737
142 28 301
578 578 928
504 861 247
578 545 695
500 293 756
245 147 332
522 76 331
738 648 556
814 29 816
765 957 515
87 120 752
934 734 934
4 772 572
174 424 718
873 776 714
490 818 220
404 627 391
714 946 905
263 678 210
371 765 103
867 44 93
239 449 495
863 630 135
540 747 716
455 260 705
426 394 175
345 801 434
818 333 458
868 496 789
717 898 98
372 638 847
551 396 967
12 373 899
629 277 713
394 994 626
347 208 939
55 609 757
727 430 529
473 534 814
151 705 841
579 912 119
333 623 658
330 904 244
554 880 420
363 492 504
837 647 847
974 336 633
777 502 258
607 509 561
693 331 837
712 542 174
848 711 269
145 314 53
175 575 752
669 617 551
806 291 400
53 958 424
762 894 788
51 578 6
236 172 412
386 844 338
837 31 662
79 853 391
190 751 624
260 206 551
160 23 909
395 164 205
196 599 89
426 677 100
601 895 107
902 893 375
587 935 868
522 835 777
620 161 83
31 229 576
76 638 911
185 180 880
530 487 404
168 311 41
603 169 562
166 848 381
264 917 409
283 305 448
772 788 427
881 113 926
487 230 852
468 463 669
320 239 633
511 753 223
149 179 252
805 223 734
911 653 575
859 775 781
538 828 7
917 57 203
929 897 222
947 146 603
328 933 758
584 325 311
537 284 447
502 231 582
668 941 669
996 204 468
874 458 85
114 194 795
218 801 904
427 980 886
894 828 145
462 648 657
986 148 573
293 378 300
276 492 310
355 625 508
851 840 225
369 787 774
515 677 343
976 335 824
39 622 562
357 80 758
669 622 322
108 207 417
637 486 246
760 84 566
601 912 544
96 67 986
14 910 279
444 990 57
842 823 594
762 734 425
620 957 423
270 163 699
706 452 843
997 327 630
252 191 549
161 835 978
765 418 655
642 514 800
442 592 973
781 371 334
127 97 980
616 839 815
261 459 666
214 143 999
826 573 400
72 344 627
401 857 611
788 731 520
778 879 907
957 601 85
19 790 574
257 102 715
769 898 299
947 406 947
607 480 980
487 839 276
187 908 842
329 222 849
983 116 153
834 520 755
921 340 908
413 42 18
47 663 593
184 482 750
368 519 431
52 349 93
805 692 600
432 488 212
336 381 278
627 44 647
535 212 658
382 741 504
815 916 4
692 15 162
937 876 921
224 734 954
616 336 659
440 237 246
987 551 820
185 208 78
184 522 738
776 258 669
938 594 508
514 488 659
261 348 322
561 760 978
364 849 990
988 289 260
271 426 518
815 665 288
92 514 627
292 237 725
292 686 452
835 59 999
340 646 485
880 215 68
505 926 289
228 8 246
702 718 3
869 381 900
988 542 770
609 558 211
662 161 257
539 752 209
329 383 123
960 567 926
721 477 298
436 6 202
326 730 838
8 57 901
405 327 230
28 411 462
81 560 575
208 975 565
39 118 306
702 526 135
308 476 70
504 209 501
335 910 931
886 358 543
785 273 541
638 953 643
109 395 628
644 856 218
196 522 835
591 903 18
764 126 237
143 818 880
231 538 820
316 334 188
245 768 461
357 66 405
851 520 477
356 955 595
915 966 189
592 392 483
159 618 575
116 808 966
443 768 84
592 935 8
367 930 613
148 486 153
580 221 540
409 261 318
744 569 85
654 151 186
480 274 434
216 24 711
200 614 952
353 211 130
873 199 789
234 696 175
386 884 811
306 159 687
527 478 802
945 821 109
406 336 799
465 19 745
101 148 513
973 873 844
581 246 156
328 488 245
258 964 208
802 411 105
576 358 267
459 459 329
110 379 599
901 774 789
723 770 119
78 580 762
263 478 490
458 827 59
670 936 783
859 530 181
956 89 380
649 1 310
373 554 457
142 304 767
352 597 87
78 117 187
151 118 700
314 554 308
60 479 472
503 682 226
850 119 749
350 87 612
767 702 524
672 497 498
417 641 606
470 172 278
860 581 505
807 689 838
719 964 746
703 551 367
92 255 996
941 216 210
938 725 136
336 20 566
388 774 959
57 137 10
766 609 39
792 446 820
660 960 453
22 909 470
295 574 873
564 517 997
509 812 701
890 399 931
690 941 11
722 81 373
866 49 382
334 465 979
900 371 569
817 950 897
96 541 610
395 14 994
887 861 904
328 663 835
174 238 294
328 175 515
51 173 244
39 456 937
879 723 525
499 695 567
330 234 372
906 134 128
423 813 907
732 603 551
643 313 602
827 910 282
215 157 467
68 44 658
154 932 546
829 695 870
44 196 35
301 137 180
224 292 936
512 304 36
334 702 780
901 152 899
746 185 185
271 852 489
563 613 361
257 253 933
516 176 543
115 235 990
910 798 965
35 118 806
325 221 946
823 541 3
15 475 934
840 72 710
253 296 426
33 91 71
916 292 814
928 50 959
25 621 137
27 569 727
650 639 946
761 420 587
516 243 909
802 929 681
582 549 241
972 581 270
81 362 973
785 944 870
543 988 821
935 188 753
966 965 747
575 470 356
254 287 420
477 78 755
515 561 947
290 114 428
503 304 792
142 392 122
584 765 327
289 570 702
359 890 420
971 143 808
519 531 77
243 896 780
287 630 395
763 328 259
94 995 989
938 16 448
457 433 937
4 34 371
540 515 669
976 913 590
900 752 645
634 638 200
109 58 229
751 403 590
805 805 528
634 365 405
662 343 185
877 931 999
217 168 924
191 266 977
556 894 205
852 721 442
18 328 149
434 721 865
694 375 389
906 288 328
277 155 170
912 115 237
621 795 554
842 243 573
19 679 383
780 367 173
550 751 614
820 432 64
307 947 749
873 210 163
771 685 699
268 501 469
310 718 783
654 654 579
938 131 923
297 752 568
225 6 455
987 756 298
499 723 453
392 378 65
727 201 899
340 131 648
343 149 162
154 522 466
245 189 581
956 699 68
951 204 736
666 488 801
695 605 616
816 352 823
708 954 923
470 919 551
595 826 909
314 383 400
66 946 182
705 463 769
994 56 986
60 790 298
223 266 8
212 973 370
920 691 198
974 109 848
4 201 42
155 338 951
613 141 767
836 843 191
7 511 576
949 195 932
880 995 160
13 89 636
602 665 828
380 313 236
250 1 542
213 490 275
16 282 905
500 536 130
152 349 543
63 833 443
93 766 924
371 287 128
600 494 963
646 307 51
696 559 280
883 897 405
156 119 81
556 683 527
489 632 769
679 713 932
690 238 338
610 667 884
30 301 276
644 897 755
263 893 540
967 839 207
630 960 844
346 823 121
428 332 258
434 454 918
233 724 471
386 719 440
64 197 305
103 606 215
421 540 655
839 254 838
801 556 788
333 796 443
381 159 396
556 721 295
923 109 174
25 14 387
149 724 713
107 113 927
405 558 276
774 164 843
970 173 163
538 745 602
375 922 819
76 562 664
85 203 822
920 730 649
276 161 261
553 740 440
778 396 215
653 331 456
395 285 746
596 846 589
802 271 665
122 127 905
631 346 79
963 320 844
23 834 942
653 817 245
996 445 556
150 101 302
977 807 281
972 566 959
100 367 580
868 81 801
218 903 233
117 757 16
708 601 897
245 624 635
304 139 457
796 21 63
655 730 933
676 477 333
139 340 693
754 230 151
960 948 532
752 918 717
502 220 808
732 324 368
653 305 134
204 621 792
76 227 592
393 640 735
367 226 494
36 124 61
823 497 365
576 833 761
766 711 614
61 364 206
798 319 891
83 840 230
115 360 946
363 952 765
467 283 55
729 392 975
815 619 958
508 484 920
611 861 181
89 127 246
42 17 341
236 122 613
686 35 287
446 585 15
104 352 704
442 173 550
116 709 313
391 960 815
829 842 679
609 691 465
793 315 439
780 97 81
256 370 856
59 215 427
68 353 135
479 372 360
878 419 473
13 91 757
79 273 239
831 778 387
149 681 695
227 472 542
738 443 526
649 464 170
497 301 997
174 662 100
808 611 451
890 796 687
743 129 85
559 76 596
771 403 531
401 436 964
187 569 459
536 293 371
345 657 659
292 101 893
428 392 884
990 499 347
145 159 396
737 679 979
626 677 447
688 545 715
945 741 950
156 979 599
841 881 857
41 751 451
29 758 895
357 392 523
153 792 100
78 892 243
483 661 903
33 121 301
815 139 480
592 59 18
946 694 980
153 291 860
149 252 558
439 59 223
247 457 668
58 770 921
607 530 48
560 47 452
632 123 497
12 17 776
928 101 729
710 245 581
854 682 353
992 791 629
630 43 93
663 229 200
790 389 636
506 845 254
517 347 744
62 69 98
663 979 704
972 225 762
93 988 686
299 387 600
155 849 53
95 697 841
539 699 716
409 1 504
75 348 103
952 547 848
134 389 847
513 458 225
452 387 712
20 844 527
2 821 1
642 91 679
351 314 32
61 831 929
650 886 60
70 116 733
655 841 819
700 526 112
979 277 958
747 409 546
517 408 74
832 405 381
637 126 872
427 862 14
344 927 55
432 49 674
596 974 606
24 779 470
178 734 988
849 496
634 620 66
17 8 2
32 370 657
905 586 6
156 912 716
588 605 612
355 816 442
703 189 866
599 393 365
806 168 931
378 409 459
704 898 577
817 310 844
23 292 38
438 415 297
189 749 419
387 45 684
859 475 527
712 24 204
961 873 145
223 175 787
272 62 746
590 759 556
851 720 214
330 101 83
95 274 23
116 23 126
199 681 403
903 279 108
393 94 715
712 46 134
613 319 43
503 156 113
51 362 200
332 521 441
84 149 162
534 71 49
906 96 846
229 795 81
698 761 14
150 406 420
489 560 865
317 695 675
267 463 862
405 454 980
46 919 503
490 459 151
714 203 302
597 285 837
110 786 246
485 249 880
913 962 781
990 677 548
723 290 139
462 929 75
842 190 814
86 199 182
952 221 860
459 767 358
537 239 744
24 910 317
989 418 40
730 950 732
515 806 348
86 158 955
114 788 513
709 779 883
139 328 536
268 539 522
787 129 150
591 425 823
405 518 248
319 714 737
152 921 374
908 315 425
632 415 802
188 940 113
218 283 611
655 626 839
507 924 968
285 794 82
998 838 366
175 765 166
390 623 866
120 772 499
694 298 796
536 104 138
326 1 530
480 633 517
965 110 248
621 844 228
69 915 439
149 358 400
605 965 644
455 99 710
356 246 681
517 610 443
257 932 395
996 644 292
946 691 22
75 166 392
273 783 893
729 444 457
267 330 157
752 582 720
577 106 491
242 596 921
759 278 621
887 797 950
11 365 216
579 986 757
792 243 37
202 317 580
639 493 506
327 134 380
31 537 157
539 673 205
485 973 51
215 683 944
708 537 408
969 32 208
578 607 585
605 844 560
511 152 372
612 14 577
975 334 143
643 620 73
322 879 520
763 821 449
455 70 827
455 936 399
510 832 638
895 924 734
129 759 773
554 316 991
651 294 48
719 598 204
70 191 979
433 594 602
130 203 272
655 582 430
423 574 493
527 335 921
318 709 447
325 924 720
670 637 408
913 837 70
600 10 536
4 915 658
928 32 361
321 194 317
519 609 620
438 545 797
959 806 395
39 84 807
113 808 758
377 395 896
161 940 875
475 374 48
724 574 868
612 424 676
10 97 916
768 5 362
757 568 131
898 914 51
246 584 609
404 827 863
53 331 555
316 279 41
264 282 725
223 486 933
953 363 827
862 572 507
377 541 946
395 789 971
957 503 267
454 213 114
654 179 140
730 687 402
987 172 9
893 360 673
175 810 310
505 86 304
414 249 66
193 652 453
604 24 729
775 4 445
43 573 334
426 147 628
745 431 706
757 741 91
1 18 656
678 377 447
744 138 489
445 521 364
940 345 367
476 560 872
640 607 349
241 893 534
686 390 442
461 62 114
914 910 939
176 176 803
765 959 90
308 775 368
120 324 802
300 595 177
710 826 884
817 702 999
878 456 294
600 419 374
409 180 908
12 595 490
304 873 807
241 933 178
572 918 764
966 353 768
532 400 957
692 570 975
599 358 364
173 634 870
638 477 225
521 828 881
512 128 935
2 564 711
212 541 704
220 881 13
35 30 943
643 12 950
255 207 862
251 349 287
296 440 192
502 513 927
704 28 958
83 492 525
420 816 784
814 521 422
223 6 13
985 722 428
701 508 820
864 439 237
756 628 589
369 890 406
3 16 291
189 930 774
918 10 685
229 240 438
100 499 666
117 377 764
286 304 383
694 676 723
401 100 636
52 352 944
877 973 546
822 68 523
344 443 286
243 194 244
286 879 839
651 211 540
943 117 577
443 940 64
354 784 944
648 959 35
149 878 613
208 922 15
41 615 46
360 190 438
704 784 562
830 465 102
585 95 254
622 663 843
178 599 912
473 394 915
29 82 66
909 90 543
433 483 538
678 403 816
949 34 303
194 28 207
827 101 242
226 774 882
336 327 428
706 535 42
394 561 862
124 917 996
420 838 909
942 815 146
109 131 611
693 798 246
569 351 700
524 756 604
694 525 514
942 347 814
729 765 518
669 813 312
240 528 842
573 703 730
454 78 985
846 146 307
725 536 997
629 187 268
630 123 530
402 838 163
716 380 328
345 663 947
155 228 494
317 923 455
692 216 956
960 374 332
848 385 343
886 849 34
509 60 290
103 723 991
877 86 41
683 90 506
50 729 682
274 72 398
551 218 480
985 555 504
744 979 340
467 437 741
586 779 219
447 689 87
239 196 323
834 755 430
297 800 428
576 123 880
484 634 340
818 595 456
402 45 490
209 565 119
715 175 593
309 392 5
302 647 767
543 393 755
13 951 358
205 467 868
924 101 167
713 229 37
292 69 979
740 331 661
196 725 815
880 780 890
427 732 133
976 526 185
429 23 497
603 7 918
565 418 59
614 485 546
283 283 547
685 691 378
910 806 26
702 93 781
587 13 649
454 106 297
654 699 99
234 613 364
699 768 444
457 626 924
126 71 290
588 864 798
68 569 397
336 177 487
635 622 971
593 311 221
875 451 618
90 795 812
494 443 220
205 552 44
250 761 301
646 365 409
473 921 563
946 685 570
494 145 51
375 421 176
385 904 616
110 809 982
235 405 595
667 875 505
60 662 879
879 548 663
947 29 126
796 357 772
394 650 148
961 474 837
148 723 373
806 632 766
942 829 60
85 697 695
701 169 264
23 186 656
133 731 2
553 500 187
556 930 866
745 234 453
566 30 886
231 699 450
748 542 60
111 239 550
308 6 253
722 189 458
771 497 439
488 617 716
601 682 388
134 573 648
173 357 710
996 897 112
313 585 516
381 925 126
463 723 857
506 414 116
179 326 156
32 181 195
807 274 555
100 609 115
107 377 909
836 415 612
369 11 292
785 213 253
831 804 551
952 704 925
994 527 908
212 591 711
396 139 312
808 417 278
99 236 985
376 315 280
917 970 12
593 236 452
241 353 993
99 644 412
728 20 324
357 174 723
449 218 448
233 994 128
764 82 62
681 655 712
384 301 575
395 460 550
868 608 726
700 152 185
10 496 935
571 64 829
895 696 29
655 823 613
446 664 100
3 629 262
684 78 838
738 874 629
276 998 839
902 722 540
572 267 242
630 60 582
794 598 922
387 354 750
936 841 379
674 54 553
654 812 366
194 323 855
423 47 347
880 127 810
602 541 246
173 255 463
555 686 226
137 626 479
573 858 922
105 34 240
577 76 717
793 120 201
409 141 956
842 283 361
629 232 871
999 890 553
694 465 803
938 189 147
304 883 360
960 47 414
174 71 550
934 124 291
690 868 790
508 533 40
21 434 970
290 556 633
942 287 326
935 311 220
643 554 378
334 913 458
94 209 689
895 176 719
103 415 344
189 489 894
140 881 820
114 903 335
605 389 372
676 442 597
710 435 272
511 594 387
756 581 580
948 193 274
980 844 11
101 278 980
249 664 884
842 269 44
701 342 299
436 867 49
660 197 757
714 83 392
825 628 737
384 540 921
426 987 420
951 925 108
408 488 942
208 403 17
676 489 564
509 636 567
645 756 324
607 998 15
70 266 32
746 138 439
651 443 871
505 54 424
581 776 764
735 252 126
281 943 619
461 746 604
646 778 498
330 245 317
705 358 247
334 536 171
62 238 658
872 438 195
123 656 564
742 834 487
919 717 242
121 515 247
80 392 736
116 577 84
24 825 160
919 806 290
275 188 124
679 362 334
749 536 990
443 852 502
999 526 414
160 845 964
27 941 813
599 906 596
278 617 526
572 78 159
319 819 796
750 461 952
400 510 158
269 436 642
264 398 228
941 868 54
704 841 855
445 449 920
472 73 843
404 332 11
293 978 82
232 975 39
138 67 340
107 940 158
362 741 542
400 19 447
145 417 953
542 826 880
812 276 474
821 39 742
950 824 562
703 117 858
210 655 739
261 67 457
502 794 801
49 158 701
189 779 27
496 453 483
489 199 58
810 678 148
559 154 611
716 170 485
172 60 423
231 181 197
797 518 173
991 907 701
903 718 286
104 622 764
791 307 718
772 59 94
775 776 221
586 471 619
724 299 319
818 463 619
499 759 870
472 202 790
360 658 898
496 779 408
768 716 279
279 514 403
420 120 382
461 566 415
213 888 955
146 953 943
905 698 455
263 550 727
969 456 964
107 986 501
66 105 223
275 150 892
803 514 67
710 638 379
862 634 40
704 726 53
400 70 48
574 939 443
27 313 780
478 650 54
138 828 265
234 872 783
967 262 636
354 650 507
410 334 901
270 687 672
615 670 104
56 913 374
763 262 413
888 661 172
872 338 443
195 821 658
924 16 817
930 186 997
748 981 289
152 602 368
608 222 533
74 37 185
451 54 664
306 749 737
365 877 12
19 725 743
507 466 714
368 311 65
154 745 463
30 589 286
605 3 986
411 711 364
498 965 933
390 506 388
997 763 972
359 571 980
126 842 418
771 700 861
184 855 964
121 619 968
952 414 479
869 526 719
908 668 107
731 760 789
474 345 650
502 284 608
981 735 314
87 573 313
270 940 897
121 970 74
971 345 144
438 716 95
861 852 9
937 613 243
856 480 684
838 520 308
230 440 199
417 285 91
718 852 330
679 837 500
643 179 994
927 856 886
933 223 547
340 18 146
686 681 869
515 571 154
347 565 861
492 502 386
157 902 525
380 717 771
515 461 985
835 889 511
304 111 273
229 65 340
270 496 326
858 571 775
699 805 594
880 960 33
96 428 572
585 588 509
588 939 967
96 522 467
186 915 828
289 3 710
22 632 424
413 652 206
863 764 556
929 850 286
227 749 709
155 702 237
428 677 831
131 754 521
303 523 933
386 693 623
315 290 149
21 62 749
114 582 767
11 155 488
33 39 90
558 199 199
240 772 690
949 254 314
562 477 503
479 109 991
492 141 327
415 702 738
690 778 880
472 233 668
232 466 578
621 902 798
345 822 804
934 346 613
190 89 603
731 822 34
214 827 740
496 881 159
463 639 146
803 51 584
533 517 451
878 850 940
545 237 849
710 739 94
89 182 300
872 413 275
88 312 876
413 278 565
945 618 938
405 983 350
648 653 467
560 599 760
540 129 19
662 345 973
713 43 542
592 370 315
451 326 447
263 647 493
471 850 12
118 360 741
287 369 416
436 557 28
589 373 861
742 253 889
985 947 322
598 249 611
506 486 706
924 577 460
804 38 210
879 296 206
484 378 865
435 630 519
254 373 659
805 553 965
501 359 651
191 881 604
880 825 746
481 89 736
477 504 946
640 710 6
743 253 792
270 849 750
286 108 729
477 970 967
281 204 341
536 147 890
838 529 233
649 448 622
233 56 873
20 805 523
714 206 419
457 689 800
100 141 905
838 283 441
14 199 31
490 276 709
2 856 960
466 426 320
98 457 501
198 615 655
28 728 488
483 117 244
509 174 997
657 935 569
739 796 199
857 120 283
933 996 72
724 342 134
905 101 303
754 980 304
478 285 194
327 220 263
753 657 107
220 452 576
349 983 844
95 664 134
987 661 69
136 735 154
601 474 243
83 998 113
281 141 762
610 603 14
627 401 171
574 464 596
895 797 642
590 674 318
873 238 196
336 958 491
299 231 482
455 931 376
844 152 140
101 493 552
83 108 950
373 537 688
487 581 885
49 39 923
826 468 413
606 36 36
408 455 191
265 855 71
394 721 27
918 17 998
220 664 986
954 157 283
944 526 209
882 706 479
483 142 425
376 796 502
721 921 144
641 568 792
313 140 975
881 852 685
299 479 419
316 389 722
934 455 211
834 183 630
764 665 649
30 518 694
637 906
191 373 419
490 708 773
774 903 945
45 758 945
496 606 690
712 692 808
702 246 277
384 892 978
993 409 734
194 480 701
369 249 510
397 13 665
617 193 884
33 300 425
102 822 846
471 158 473
423 231 199
830 812 176
744 709 453
734 658 71
9 304 609
148 667 627
629 660 26
461 411 19
159 60 769
464 310 993
474 50 834
234 291 612
408 630 869
30 324 695
671 317 128
430 394 271
577 521 294
187 987 415
848 580 368
414 570 837
372 911 212
716 302 888
169 218 781
197 923 967
315 365 344
618 386 33
861 7 878
360 963 985
83 112 415
259 898 374
438 942 645
194 273 373
928 89 748
901 175 747
290 781 260
245 173 682
857 93 73
165 335 451
115 622 217
640 456 825
247 656 633
398 265 431
481 143 939
953 671 939
356 580 73
749 915 463
180 442 740
412 616 184
237 327 950
886 619 508
440 871 231
797 740 453
692 441 189
976 287 429
103 235 18
18 904 977
765 768 113
59 759 423
605 725 999
944 399 394
244 852 360
216 398 361
867 976 114
664 469 48
847 85 133
114 976 809
942 797 417
737 844 913
162 376 877
276 360 486
715 384 972
433 935 501
218 136 851
265 441 967
124 556 424
914 179 931
575 925 268
166 404 371
969 616 322
552 994 548
384 360 276
922 409 835
610 795 87
335 451 41
908 842 476
726 941 938
380 663 481
964 685 860
784 895 613
1 537 654
246 79 260
197 784 698
483 668 154
592 125 397
749 849 678
606 377 607
654 403 804
712 88 951
328 888 941
961 221 726
833 414 442
29 902 254
471 827 650
969 61 10
577 985 558
462 836 999
603 473 336
175 40 507
709 132 252
881 982 445
963 77 357
783 922 785
550 615 886
849 489 997
947 591 614
989 610 77
795 190 453
824 291 951
5 298 591
380 238 893
940 447 340
560 783 742
149 361 968
985 510 330
505 41 760
705 133 922
966 112 888
368 953 584
945 250 738
164 501 193
994 607 773
295 172 709
310 694 510
194 46 100
746 458 730
205 767 943
152 122 410
616 779 550
653 503 649
417 608 408
928 493 151
526 365 936
206 86 461
668 916 742
396 113 721
49 716 428
562 526 417
750 452 60
852 979 28
554 481 22
902 357 493
30 664 981
323 950 314
870 884 919
208 296 559
807 490 343
345 870 864
294 600 400
327 539 420
323 876 339
443 459 440
163 137 774
216 729 579
937 894 75
155 326 148
967 200 392
830 206 620
716 317 517
296 880 793
375 718 869
727 280 460
948 559 404
527 925 612
151 394 322
68 929 770
193 420 890
508 898 445
926 872 179
90 887 25
832 335 116
307 537 28
826 585 935
527 84 655
706 186 651
548 956 83
297 155 247
841 830 195
981 563 620
357 90 78
924 432 918
964 929 474
268 753 455
395 688 934
28 440 763
391 261 151
717 309 658
457 445 149
971 103 727
738 229 452
512 897 371
489 827 613
416 30 228
206 463 791
103 695 289
923 970 12
435 436 303
645 723 950
766 3 127
793 440 847
115 265 529
494 794 690
673 743 992
310 10 9
974 201 698
254 746 72
226 552 855
959 242 315
426 633 13
392 334 759
853 895 668
823 853 137
988 257 593
138 110 376
828 514 941
175 419 773
301 379 252
245 227 605
484 61 324
828 614 30
54 411 326
809 905 283
219 20 770
133 352 905
236 814 326
794 337 190
36 545 82
62 597 647
281 580 206
959 203 986
25 154 173
491 836 843
267 125 984
261 585 992
537 84 68
336 370 652
758 449 142
586 240 63
632 837 972
420 8 7
69 81 124
727 803 860
194 376 816
552 139 104
499 227 762
230 927 376
451 212 833
278 958 636
752 249 157
426 882 181
516 123 558
9 816 835
85 911 431
109 444 95
690 519 406
359 66 628
761 298 686
923 210 529
531 360 624
812 994 342
17 646 181
157 529 194
630 294 575
357 405 473
865 408 275
799 824 34
312 690 939
584 18 962
762 778 127
350 281 272
791 242 6
324 879 679
64 986 320
638 64 636
796 619 21
673 353 765
897 822 388
549 459 251
610 29 190
329 43 722
576 668 22
908 105 846
314 589 73
260 863 133
361 314 515
626 874 992
409 958 593
219 808 65
541 629 657
747 416 605
196 316 986
369 980 447
994 572 806
707 290 210
68 165 305
678 91 299
417 799 354
449 704 645
513 221 432
783 774 269
993 961 334
499 615 868
195 89 582
785 111 580
873 963 158
845 557 744
83 164 863
46 123 831
250 646 262
129 404 299
203 269 94
74 824 960
789 582 610
191 196 92
3 81 7
568 192 814
206 652 471
676 853 412
78 624 272
92 445 622
552 486 610
148 516 742
264 916 61
252 798 35
594 226 82
207 499 398
647 34 160
465 266 612
653 303 801
871 640 179
877 860 597
782 689 230
87 296 670
109 209 546
760 227 954
446 376 878
584 151 827
790 359 172
297 676 550
449 505 341
845 28 795
727 687 148
154 165 655
985 690 602
36 58 916
98 285 734
135 744 520
850 462 497
364 487 222
697 462 705
26 527 608
482 664 35
391 868 347
329 494 387
192 189 568
304 115 904
616 998 235
976 992 246
106 294 961
251 923 28
527 651 221
250 72 315
172 715 708
756 35 822
503 403 670
184 858 926
629 230 402
73 377 271
709 10 536
440 365 226
709 745 112
392 578 253
801 620 431
230 457 747
210 470 807
261 46 226
784 293 157
178 724 514
686 450 603
542 559 126
409 504 510
255 206 957
207 804 593
618 779 562
86 701 288
621 357 111
662 284 50
296 621 381
490 6 516
262 234 766
602 862 556
97 884 285
224 302 443
100 664 56
782 620 65
207 111 154
525 432 90
447 180 552
370 996 228
955 840 977
385 730 121
289 494 944
15 487 406
506 47 855
656 402 228
642 690 773
545 65 112
623 923 133
928 5 974
105 293 897
660 594 865
8 794 967
735 312 706
839 217 973
603 118 640
54 329 785
84 237 682
481 341 813
582 680 473
521 834 513
867 288 202
635 509 497
125 384 16
787 195 248
946 836 523
55 708 130
524 734 392
759 40 652
662 53 113
155 617 93
572 352 357
912 717 745
374 623 43
953 297 86
933 138 910
347 241 360
577 78 278
699 585 826
358 953 151
520 382 550
987 638 835
678 991 277
680 498 146
134 503 413
167 246 7
665 449 287
617 53 591
666 78 15
861 449 4
886 105 915
286 579 635
599 97 74
228 414 595
790 731 103
283 25 236
233 922 307
127 760 338
278 919 992
637 140 440
163 968 275
849 665 945
883 640 942
454 645 545
83 384 444
464 329 987
178 543 735
811 865 533
199 913 503
353 76 894
459 768 431
870 869 733
723 104 29
104 762 631
622 450 167
400 7 904
735 646 782
948 567 431
271 885 953
878 123 912
661 614 82
917 638 948
145 932 564
330 907 753
874 775 364
274 473 620
350 436 770
312 878 141
468 564 375
821 108 194
55 638 421
982 445 184
495 72 702
244 791 621
733 541 222
858 150 770
734 642 271
668 209 865
28 230 503
618 159 207
665 844 745
800 149 17
105 887 39
731 465 694
929 396 649
46 472 879
986 321 609
695 491 232
148 10 718
154 659 823
123 331 556
442 561 891
966 950 747
577 231 842
485 733 433
498 119 270
417 62 405
533 281 628
459 988 214
74 162 873
853 240 895
910 634 420
198 630 719
252 183 222
556 148 937
233 278 398
533 40 374
52 464 234
257 519 345
22 751 212
297 178 522
548 631 484
680 41 473
759 577 406
744 620 626
414 922 493
164 790 809
409 185 922
342 882 771
67 48 638
837 204 986
277 633 655
608 18 200
387 332 846
636 928 94
190 577 633
263 41 520
795 388 254
619 373 149
158 181 598
189 175 469
53 817 209
273 494 429
101 22 172
643 485 317
557 213 381
270 220 313
422 97 159
834 479 567
325 313 765
568 64 913
587 770 988
104 235 656
422 24 349
301 129 999
495 563 455
812 463 892
18 944 414
171 48 839
409 648 327
592 636 941
840 697 461
590 665 482
242 323 222
44 800 717
418 522 716
249 11 328
531 753 692
359 415 945
658 819 799
402 152 467
327 36 329
535 606 901
761 915 542
336 898 668
124 476 227
53 820 366
638 918 509
889 535 83
249 746 809
314 627 498
396 146 816
707 554 348
55 204 381
91 73 887
685 401 205
707 564 960
897 637 575
68 542 863
64 164 765
626 148 990
493 129 485
358 910 740
169 785 864
120 254 223
594 89 840
69 962 466
265 541 268
707 885 585
1 959 219
379 440 759
940 439 225
809 264 760
739 347
848 418 321
199 533 646
695 181 446
426 333 931
391 612 473
147 58 7
682 589 568
627 370 50
484 974 77
385 8 136
264 643 93
543 932 115
599 625 187
526 408 551
285 808 626
517 883 651
806 192 8
489 102 336
882 324 698
240 126 422
812 589 260
305 828 583
433 864 255
748 107 416
260 647 407
127 881 127
690 242 268
523 223 121
838 852 324
133 527 799
873 611 802
352 533 310
407 85 781
173 331 728
915 263 359
43 314 243
892 633 911
663 806 912
600 70 217
853 72 553
140 943 249
172 525 581
214 65 4
121 161 490
480 401 100
808 85 190
645 434 221
157 592 785
12 194 235
647 905 738
522 788 133
290 4 446
552 959 60
503 619 487
580 387 981
930 773 514
49 469 666
508 648 939
599 5 894
526 847 89
795 634 103
363 325 577
115 701 84
891 251 684
281 306 874
763 938 404
672 970 280
183 468 392
987 553 225
43 297 793
387 556 404
389 261 730
959 473 985
130 341 508
792 789 239
225 700 443
83 235 959
93 237 957
964 143 275
489 190 142
879 807 422
336 871 379
472 67 508
367 243 847
972 269 915
527 968 217
743 975 366
759 618 519
2 949 497
340 169 568
234 875 532
700 351 38
366 704 234
873 465 975
141 699 850
951 675 930
572 177 313
432 968 41
665 14 881
635 230 886
356 932 929
938 968 534
792 799 677
990 274 778
750 140 955
450 273 266
353 358 975
728 740 15
295 269 934
265 608 19
551 815 146
452 865 351
925 691 995
282 424 787
937 132 708
224 789 194
363 41 253
691 928 818
386 643 173
953 888 489
139 227 479
280 473 322
63 259 568
681 829 270
47 969 4
810 109 720
371 348 70
433 308 140
8 519 233
369 656 733
415 25 257
515 253 159
300 259 764
531 884 141
192 276 611
338 868 418
346 445 52
455 363 725
73 436 15
27 691 963
225 372 24
336 967 861
536 859 211
707 637 166
88 828 403
935 211 218
756 879 640
537 611 181
443 324 727
837 574 864
193 927 984
955 255 610
506 567 420
709 815 238
574 680 417
827 411 610
561 659 718
647 635 65
449 918 932
559 877 329
138 478 998
884 461 299
67 565 127
663 220 765
950 743 96
923 934 149
385 785 204
238 829 498
603 217 594
587 877 488
355 216 581
640 591 781
211 937 50
638 913 501
674 6 75
641 543 464
529 127 722
273 306 452
786 534 835
510 101 27
153 692 15
733 806 49
479 493 213
135 213 393
773 560 950
336 475 677
484 997 116
221 244 608
258 129 715
381 255 585
443 805 255
279 336 438
538 724 995
18 870 478
994 720 437
643 636 386
61 520 115
345 632 15
397 653 478
18 765 192
603 9 726
416 708 477
427 414 329
16 701 879
213 681 656
434 64 479
148 112 967
165 249 650
840 20 452
593 8 195
511 242 453
870 277 276
660 645 818
468 153 193
179 726 694
581 885 72
835 120 125
991 356 928
134 187 929
470 904 741
311 59 351
334 997 385
247 726 283
66 463 134
213 455 37
333 794 141
593 100 757
744 233 30
13 256 235
947 915 125
676 530 282
735 511 595
457 296 215
36 373 542
543 870 133
922 510 996
416 847 717
906 863 656
761 958 944
315 447 254
833 467 316
124 38 676
839 876 475
467 183 197
356 8 665
459 765 44
657 142 689
515 219 7
12 85 626
432 389 1
287 552 748
908 191 408
517 854 212
954 123 290
179 327 678
319 659 208
185 789 761
916 768 279
86 638 83
782 367 829
408 732 298
411 549 583
900 592 90
970 726 531
494 280 854
468 413 257
980 152 694
258 130 795
831 205 528
567 784 626
748 255 284
853 50 727
749 551 663
215 145 851
707 234 109
280 288 587
458 727 311
646 19 871
699 576 483
677 385 281
249 422 360
739 928 233
534 721 485
396 129 536
900 844 705
414 512 453
582 376 537
563 555 976
109 975 628
583 153 211
917 396 833
296 218 238
478 463 170
539 722 227
566 940 997
29 493 748
74 91 465
254 996 919
443 948 340
43 698 264
294 44 13
50 320 502
961 431 691
266 999 250
848 81 871
341 503 1
472 239 588
210 487 162
210 879 531
497 914 71
919 992 787
337 182 708
517 419 456
522 553 883
492 451 278
515 367 773
509 487 465
411 274 351
227 368 374
47 800 479
658 581 527
869 734 979
362 359 854
549 193 841
76 685 939
261 49 14
799 999 531
938 123 118
577 179 287
264 914 756
57 479 821
821 177 916
466 183 915
516 591 523
684 444 694
964 662 926
623 788 738
304 511 728
319 536 768
485 296 169
875 861 130
203 680 764
954 482 736
686 228 420
809 491 273
110 268 141
1 417 292
972 782 898
216 360 752
567 141 386
705 323 333
146 876 485
935 106 568
240 523 551
114 834 216
134 521 944
882 759 524
30 567 227
750 719 237
456 149 237
814 721 792
94 383 713
376 283 315
268 353 388
832 765 209
649 543 654
622 975 449
87 426 383
986 933 490
228 990 168
257 899 334
657 859 975
349 798 734
479 167 797
865 53 492
443 973 278
148 778 389
361 103 917
525 424 715
204 672 810
519 569 251
430 270 885
835 384 579
555 484 683
868 568 492
481 955 220
695 59 213
563 262 378
203 371 63
623 141 473
993 977 889
662 730 629
17 20 272
861 646 666
978 626 421
575 39 845
504 459 489
459 745 784
706 33 335
891 908 975
477 100 175
964 791 571
919 427 592
403 546 277
946 339 399
168 450 940
141 846 440
849 287 866
377 346 412
56 510 847
156 601 761
167 363 734
742 545 469
671 44 300
862 220 505
103 352 290
607 913 857
507 493 4
255 993 566
77 894 501
764 734 722
347 459 88
329 573 885
562 651 542
640 303 646
212 169 216
466 900 567
865 671 775
417 457 778
482 792 130
93 148 955
768 150 982
257 393 69
290 385 719
168 139 276
126 550 691
411 457 600
634 831 691
493 126 790
875 867 95
966 782 572
503 372 494
408 602 270
945 404 23
35 44 341
490 870 809
853 228 928
336 33 446
727 15 654
156 419 44
562 322 19
639 924 394
323 183 491
429 835 928
581 432 649
486 122 746
569 721 57
713 845 82
69 822 804
583 515 390
730 876 922
377 707 828
962 977 142
26 15 207
318 250 72
104 271 519
683 785 941
950 689 764
908 652 840
169 838 668
258 78 181
411 236 200
213 403 726
733 591 544
24 406 904
347 570 749
367 744 27
208 783 914
303 125 91
129 504 20
631 267 94
990 646 10
214 454 943
340 683 265
57 980 785
422 410 978
799 5 629
288 574 141
312 753 474
61 790 117
638 632 409
102 454 828
432 161 595
530 731 346
920 303 347
504 793 377
472 228 906
32 173 399
377 837 773
532 7 166
431 149 449
191 22 618
799 215 469
476 339 740
634 46 156
103 299 807
167 714 754
106 861 515
340 454 709
73 38 643
129 555 59
880 369 1
345 191 413
499 908 693
833 725 733
396 527 644
172 912 646
207 345 946
261 267 298
350 869 149
599 600 91
673 548 94
651 897 82
115 803 353
332 676 91
649 737 272
600 32 651
960 202 948
359 210 125
623 238 516
183 492 178
646 972 288
595 894 978
39 157 13
503 977 142
411 747 2
377 78 765
895 248 422
626 159 333
479 502 446
176 700 798
56 917 944
75 689 724
515 456 107
920 432 873
694 768 213
865 795 11
743 837 190
496 690 139
185 231 465
862 120 753
377 291 515
590 989 726
696 883 311
13 109 350
444 298 752
66 516 332
571 19 320
56 995 158
485 580 897
242 4 502
157 39 349
860 673 588
194 278 251
245 564 806
379 46 447
783 727 911
686 858 593
11 788 87
516 418 648
221 891 578
252 542 392
722 340 129
256 931 501
909 821 605
281 617 576
233 362 565
315 211 410
383 649 818
649 419 683
686 152 753
886 880 494
729 388 520
599 548 515
466 574 23
399 589 793
850 282 764
836 502 740
893 700 66
854 98 133
769 350 797
87 695 130
210 942 36
31 176 903
392 227 61
804 45 301
444 557 337
804 715 841
77 152 512
494 695 449
132 190 875
98 614 674
789 989 856
130 57 530
453 152 360
695 611 909
428 170 243
154 731 377
585 276 998
223 647 854
682 596 827
103 504 830
420 457 605
764 333 717
214 223 546
171 175 944
36 529 849
174 83 290
516 358 102
761 2 353
302 169 664
386 118 271
45 978 725
104 135 472
378 687 353
571 470 909
988 128 680
30 413 804
488 197 595
830 816 444
45 66 906
950 902 632
758 425 514
896 466 210
597 260 155
949 346 958
467 244 574
920 913 301
845 880 805
631 501 800
503 995 511
9 713 637
684 473 133
18 748 265
802 693 235
997 52 740
288 899 4
973 930 526
931 759 500
942 806 274
388 4 364
215 610 156
2 191 922
374 49 427
416 88 918
797 516 880
483 219 302
28 372 423
284 270 153
944 353 459
891 732 637
297 225 822
776 6 277
500 952 125
138 157 406
695 627 692
335 230 487
868 533 905
287 644 482
6 622 325
609 821 482
337 255 663
937 866 465
582 468 776
937 438 855
834 633 142
762 472 807
890 526 499
153 419 291
11 200 907
411 689 293
548 626 346
270 410 376
718 964 834
728 958 264
554 687 414
38 409 784
154 479 632
690 646 958
378 552 225
536 79 211
154 858 680
997 937 340
172 644 675
581 635 637
709 142 38
937 973 585
599 978 83
517 752 92
369 769 321
261 109 817
147 345 560
984 187 692
821 544 705
65 160 249
184 799 416
612 177 940
517 65 345
455 329 714
670 670 651
433 905 233
415 191 61
955 473 571
160 635 428
988 894 590
917 926 803
242 990 533
986 451 373
691 398 950
485 90 731
588 803 222
521 311 19
432 300 414
983 348 814
772 912 206
346 598 623
399 343 222
72 794 806
55 193 506
243 24 269
486 207 833
460 629 279
561 519 540
266 314 908
867 497 278
957 748 993
87 471 273
375 217 22
305 500 356
746 58
679 61 726
371 92 822
780 778 13
676 41 339
884 474 787
505 471 548
969 398 896
84 384 984
400 530 728
5 256 388
168 583 240
472 226 438
307 190 648
16 285 171
236 678 208
941 686 465
732 608 80
162 236 838
10 390 640
692 605 852
590 408 252
250 779 92
461 6 98
202 875 912
780 188 478
832 612 985
397 374 595
504 744 469
919 829 321
975 446 656
189 838 340
99 566 515
877 382 451
217 234 546
793 863 912
94 68 502
400 500 433
486 904 510
546 176 382
156 213 250
89 602 142
971 73 966
587 543 639
427 939 40
212 137 66
292 816 280
430 10 397
604 838 78
426 323 589
762 780 743
309 544 568
133 252 491
474 544 717
523 294 938
996 867 852
709 473 444
153 763 117
306 757 45
177 251 53
266 307 136
399 344 755
20 807 878
632 258 960
788 486 71
596 449 14
917 700 431
326 190 107
785 201 365
355 988 140
933 401 886
255 625 843
533 425 659
856 892 921
559 870 683
547 827 626
522 312 235
226 289 261
25 592 612
285 586 993
633 742 79
215 158 315
785 449 113
514 272 487
455 81 506
468 33 78
656 790 941
335 485 824
496 37 273
445 935 692
194 598 597
526 864 561
677 893 400
672 707 546
691 400 270
997 237 943
271 781 648
218 918 52
564 618 491
736 679 223
872 672 38
422 725 957
292 232 868
721 472 497
569 966 776
17 265 685
112 410 456
287 318 361
87 156 188
851 738 570
214 16 764
802 790 242
286 425 788
345 379 655
833 431 773
548 610 287
595 482 319
707 868 547
6 603 108
866 700 695
526 474 75
232 778 382
354 558 577
847 209 342
482 277 940
307 422 988
704 285 440
451 70 999
415 241 277
248 866 127
271 243 166
306 83 10
305 236 252
598 315 264
828 990 674
693 473 884
39 508 588
607 803 778
802 776 431
971 321 125
873 606 491
118 997 251
84 9 962
115 633 515
846 440 151
584 480 935
934 443 976
57 823 379
713 776 577
851 471 667
952 987 464
499 979 265
786 418 949
616 590 493
73 584 940
68 302 938
47 559 460
395 611 303
793 649 425
285 480 765
717 380 413
119 798 724
179 354 917
444 976 543
456 171 770
807 392 162
437 797 546
846 802 470
743 247 306
591 418 466
26 181 978
90 766 522
663 924 359
180 806 287
684 625 851
675 349 312
21 263 132
28 577 803
543 328 399
9 397 104
396 606 350
686 87 299
103 127 866
271 411 864
691 629 421
423 893 255
59 749 72
438 389 420
562 961 287
549 29 37
324 209 887
718 415 199
498 38 338
788 646 456
854 252 36
285 358 623
123 85 773
96 813 477
236 96 150
178 665 246
909 501 370
458 47 741
206 156 894
457 11 487
460 299 432
514 926 185
290 438 307
466 395 853
942 696 526
93 412 833
134 648 541
102 643 721
653 936 737
522 585 36
887 526 395
943 512 946
680 990 240
801 636 823
45 849 377
337 936 982
248 35 573
315 251 659
280 600 710
293 244 785
300 579 757
737 960 59
87 568 234
286 854 177
329 907 74
435 662 164
770 854 179
213 688 129
188 320 438
418 448 523
588 562 997
413 236 276
893 439 975
526 750 180
802 549 226
193 56 888
967 667 954
327 952 125
211 298 530
556 501 822
320 264 59
591 460 791
163 19 553
3 421 690
618 908 581
628 992 279
591 808 289
665 839 942
543 251 697
356 877 167
877 787 406
478 565 936
495 893 403
773 124 594
692 256 451
631 513 653
123 692 504
126 446 897
7 169 149
600 326 360
56 72 2
811 409 653
646 186 734
421 647 69
418 782 481
544 888 31
743 183 931
883 443 288
481 29 856
398 590 301
703 93 717
518 930 918
59 203 461
855 434 5
10 561 270
660 705 400
592 518 244
504 361 227
282 75 266
652 417 946
516 611 861
263 737 280
351 58 909
264 200 385
278 595 231
828 140 49
110 593 851
28 211 828
377 422 523
586 296 81
940 858 201
513 455 904
615 53 370
301 939 300
873 336 573
73 475 376
313 290 662
421 381 220
65 292 173
95 88 450
289 957 703
700 741 112
763 174 79
60 722 449
354 698 317
800 650 640
533 234 700
454 355 303
317 477 653
154 563 196
927 618 391
846 11 963
60 439 295
754 479 246
964 224 582
371 395 192
869 824 421
957 238 534
207 584 824
910 647 4
392 600 814
567 771 41
788 67 105
52 378 454
191 286 483
275 477 157
992 448 610
881 177 426
484 849 61
536 891 955
142 949 723
907 551 98
824 154 788
352 249 231
169 207 16
175 884 176
317 18 23
635 680 587
67 845 25
444 185 154
931 170 459
430 449 44
359 537 770
728 790 887
690 583 449
869 980 35
804 424 9
241 222 741
713 646 979
943 672 886
472 557 583
238 945 604
688 658 888
139 454 829
795 264 650
240 224 825
535 314 700
445 679 40
951 681 565
87 33 777
659 671 241
593 109 171
173 758 979
526 16 477
345 448 830
999 779 856
923 584 955
185 656 187
684 952 600
894 119 862
563 926 847
17 435 32
199 702 336
505 291 349
238 456 138
899 548 337
948 617 603
176 543 343
782 322 801
840 177 145
880 450 539
95 322 268
222 966 766
293 257 979
415 151 280
301 752 225
29 44 457
825 345 360
224 810 211
451 235 93
722 121 184
255 349 912
793 93 794
621 349 126
783 643 167
281 292 163
533 190 171
211 625 914
254 420 349
136 302 895
814 221 95
39 185 803
407 135 996
285 572 739
510 710 984
682 787 617
248 719 850
485 106 858
4 440 60
164 893 590
437 705 395
664 783 436
866 750 554
441 93 763
596 791 237
683 157 406
346 957 547
773 698 727
982 326 763
84 520 923
658 370 827
55 454 384
699 578 836
73 656 836
666 573 337
173 148 3
222 454 132
827 215 51
98 857 581
482 304 852
214 758 72
799 705 441
695 467 180
652 725 875
402 851 128
683 86 6
276 552 128
984 662 878
698 403 491
140 303 119
46 876 348
449 582 523
730 688 850
528 187 576
591 385 907
141 513 986
161 733 887
343 243 685
479 84 873
206 549 966
376 155 838
14 551 507
266 314 985
145 71 304
506 585 916
757 112 483
882 502 707
129 270 709
566 367 948
546 42 962
968 453 453
231 755 45
881 562 25
670 181 685
937 658 950
247 808 469
580 784 121
375 691 484
736 111 317
566 63 488
922 900 67
440 411 314
493 276 18
975 185 12
649 707 53
777 958 648
599 522 902
873 738 873
107 423 427
131 142 143
837 262 271
170 589 693
952 299 374
538 267 27
697 89 149
734 647 973
988 205 46
647 495 507
71 790 571
890 704 679
713 84 914
541 856 248
106 103 805
200 548 390
359 525 536
570 665 617
575 287 331
854 930 697
597 164 278
645 729 754
157 393 527
299 562 927
82 936 610
486 921 763
187 111 649
606 705 854
206 526 914
677 295 863
661 849 472
648 947 84
848 214 598
230 103 427
70 145 170
363 524 384
879 852 88
508 519 523
28 663 205
562 169 434
618 820 469
408 14 291
87 273 820
188 665 872
589 28 554
644 570 378
491 61 682
63 673 313
973 263 957
445 322 348
669 570 265
38 412 1
334 347 133
307 965 120
25 334 556
186 559 1
958 758 580
907 355 909
194 581 245
333 967 569
239 833 569
22 419 557
172 980 773
995 145 605
26 983 163
147 400 715
848 914 831
8 687 841
553 37 121
97 387 964
361 934 665
490 47 53
893 741 455
228 497 543
409 312 770
274 593 172
343 550 616
809 516 949
332 701 551
411 151 762
680 517 663
565 136 319
508 851 925
481 397 544
496 217 435
97 790 10
54 992 32
552 276 438
960 939 458
256 55 724
8 412 33
73 25 404
808 441 779
129 577 788
551 457 384
773 959 950
905 338 709
917 935 308
273 274 341
451 836 793
388 794 239
2 173 441
422 525 67
507 916 123
134 605 302
622 203 893
143 596 759
328 748 784
751 528 671
718 653 887
61 730 307
164 818 12
856 753 456
926 721 490
998 997 310
593 855 816
216 780 568
274 219 776
983 151 1
648 763 296
525 375 551
407 986 300
144 650 65
867 152 528
3 88 130
240 640 543
444 344 114
963 647 955
178 203 254
301 231 230
865 855 405
965 154 491
830 395 836
448 404 168
162 179 373
925 638 463
487 769 327
32 811 100
416 133 355
654 822 45
12 360 919
375 367 836
936 771 467
167 545 261
903 761 161
250 914 351
80 603 638
110 583 833
249 367 334
427 692 499
378 917 340
648 692 752
110 888 595
165 547 457
544 871 221
682 451 39
536 237 631
124 904 730
123 628 392
672 487 380
158 235 234
178 437 832
974 614 159
749 847 911
949 633 329
186 635 887
357 967 371
384 299 414
124 919 276
619 229 843
186 862 746
480 728 610
350 973 983
710 664 570
441 978 176
588 224 833
852 260 831
981 179 514
710 585 957
891 801 135
576 636 164
67 274 182
226 525 749
256 761 116
399 628 942
55 354 140
576 574 3
408 448 357
943 277 720
75 693 985
680 627 673
531 783 113
786 810 313
358 531 591
573 230 163
724 550 558
837 428 559
287 242 266
810 686 272
246 408 445
642 866 919
876 586 132
828 44 349
361 805 666
416 417 912
379 980 187
481 228 801
923 570 379
352 89 142
694 401 119
877 186 541
722 153 584
403 169 112
630 58 153
939 135 551
693 294 813
702 466 581
930 51 216
632 781 338
662 695 826
386 919 257
308 552 268
37 779 241
497 65 364
29 634 181
774 309 706
61 507 600
739 519 657
412 225 394
352 829 94
946 656 514
997 901 948
263 144 852
415 40 895
951 66 604
973 216 518
884 268 178
162 375 507
790 722 738
990 926 470
483 15 994
480 692 626
191 773 285
312 509 970
363 871 455
678 555 667
160 428 299
513 439 602
153 598 315
369 306 83
329 45 779
985 768 320
455 4 727
567 55 864
937 648 201
252 887 271
274 735 151
886 599 903
658 179 80
963 437 161
818 791 724
705 823 87
17 923 760
854 341 643
433 613 895
168 673
194 383 238
977 522 951
602 655 426
80 165 333
481 925 789
403 335 459
8 747 329
117 363 392
425 885 639
709 897 764
210 908 376
701 897 910
302 550 13
365 391 769
162 910 350
177 871 13
656 907 835
906 244 468
34 959 92
841 120 794
782 554 725
283 4 629
495 539 666
761 876 49
634 217 296
37 898 410
546 25 822
668 794 879
289 898 260
496 952 511
370 424 657
493 627 383
7 377 398
958 937 24
476 53 317
540 816 961
778 71 81
241 626 162
215 674 647
258 487 860
231 224 205
962 436 241
342 922 39
379 101 686
161 399 623
749 926 681
299 959 766
826 465 889
983 438 954
720 428 422
488 737 874
735 160 595
158 479 25
843 482 496
622 65 506
577 652 134
672 607 43
329 164 574
216 223 538
567 794 474
663 492 160
434 157 623
299 734 588
315 353 909
640 414 306
263 870 872
23 827 692
709 273 196
198 432 173
320 58 850
41 415 312
795 523 686
477 891 409
416 814 881
731 511 144
42 422 74
273 21 318
477 846 802
341 908 420
146 703 680
633 8 325
50 255 881
528 252 760
171 204 503
252 334 486
264 946 316
364 915 261
587 448 154
520 529 522
42 508 284
97 235 283
189 603 708
302 126 644
714 654 912
520 882 640
857 72 407
528 398 51
231 901 960
50 154 26
157 16 794
62 43 969
534 948 366
958 947 787
531 270 881
731 798 122
465 642 457
866 6 295
470 126 688
593 353 280
598 400 976
346 592 609
641 62 155
99 138 196
547 765 721
326 789 292
332 695 989
448 965 373
950 776 745
558 582 56
405 224 433
402 106 566
84 402 724
440 701 525
525 846 713
422 549 261
496 158 42
254 616 373
639 621 755
427 258 641
828 334 178
691 431 519
284 848 543
18 361 496
400 744 378
368 277 66
890 245 285
80 281 534
333 853 962
563 162 426
668 396 771
199 961 617
387 963 880
694 669 956
447 344 105
200 168 341
92 127 444
377 463 729
630 801 951
857 41 678
733 80 462
365 379 546
269 62 523
669 484 528
789 246 701
425 691 259
792 473 640
964 539 678
167 507 893
241 908 471
806 168 462
18 149 417
46 796 838
7 685 498
114 701 649
38 868 905
264 214 775
993 429 263
325 696 355
1000 100
334 699 1
566 266 2
710 419 3
161 760 4
793 465 5
945 787 6
894 634 7
963 745 8
837 809 9
289 26 10
808 719 11
76 549 12
282 664 13
460 586 14
429 177 15
102 610 16
262 303 17
16 910 18
314 857 19
512 870 20
888 571 21
71 249 22
711 243 23
368 997 24
597 39 25
290 118 26
960 47 27
152 100 28
604 632 29
555 668 30
196 297 31
693 341 32
662 781 33
750 955 34
345 130 35
998 56 36
306 851 37
636 98 38
243 281 39
578 565 40
213 93 41
630 148 42
620 872 43
475 693 44
851 877 45
483 656 46
421 511 47
992 582 48
834 40 49
659 935 50
995 70 51
923 608 52
379 117 53
211 427 54
208 584 55
878 195 56
47 688 57
561 368 58
40 441 59
710 532 60
213 22 61
977 157 62
688 70 63
446 991 64
802 608 65
555 814 66
377 733 67
917 41 68
159 201 69
888 955 70
453 417 71
879 456 72
186 567 73
655 652 74
194 820 75
849 643 76
407 714 77
493 199 78
905 249 79
827 854 80
714 39 81
974 977 82
530 403 83
131 894 84
827 367 85
487 426 86
151 268 87
714 346 88
439 695 89
416 898 90
986 308 91
607 282 92
276 625 93
13 838 94
505 551 95
32 478 96
443 313 97
381 638 98
20 387 99
443 334 100
89 900 101
353 6 102
194 850 103
844 886 104
544 465 105
466 633 106
245 820 107
225 721 108
187 456 109
441 557 110
845 100 111
83 597 112
789 632 113
961 233 114
134 215 115
58 950 116
973 109 117
553 489 118
803 303 119
652 523 120
562 492 121
956 203 122
917 305 123
867 268 124
832 526 125
411 660 126
211 847 127
925 370 128
475 628 129
631 823 130
286 247 131
302 159 132
835 529 133
882 894 134
325 790 135
448 528 136
478 620 137
563 785 138
285 129 139
28 847 140
431 187 141
678 79 142
8 570 143
235 779 144
349 953 145
225 96 146
218 463 147
631 797 148
755 921 149
859 463 150
30 99 151
269 996 152
403 913 153
85 976 154
148 689 155
120 212 156
525 408 157
925 966 158
370 867 159
6 37 160
785 886 161
106 364 162
992 73 163
821 133 164
938 671 165
527 666 166
912 243 167
71 649 168
575 264 169
48 204 170
31 805 171
85 340 172
379 989 173
957 106 174
553 767 175
361 973 176
283 334 177
962 962 178
798 706 179
378 54 180
114 989 181
456 195 182
894 61 183
140 434 184
154 989 185
701 516 186
188 721 187
589 33 188
988 353 189
507 703 190
144 519 191
746 849 192
65 423 193
408 456 194
351 22 195
329 677 196
137 710 197
141 766 198
221 416 199
885 922 200
425 430 201
422 986 202
994 906 203
624 121 204
469 147 205
430 986 206
248 800 207
536 748 208
878 907 209
778 428 210
289 101 211
27 341 212
786 695 213
797 726 214
661 797 215
842 509 216
201 554 217
109 714 218
355 656 219
704 453 220
665 243 221
907 214 222
699 511 223
425 179 224
400 967 225
138 294 226
376 52 227
748 212 228
968 428 229
771 241 230
712 118 231
471 816 232
218 152 233
387 626 234
892 491 235
870 310 236
741 740 237
246 65 238
56 776 239
837 874 240
27 807 241
673 688 242
102 805 243
501 280 244
912 221 245
732 305 246
194 916 247
954 891 248
535 41 249
8 869 250
161 354 251
689 192 252
192 961 253
877 246 254
999 149 255
919 394 256
897 273 257
881 120 258
210 159 259
373 208 260
274 335 261
652 557 262
802 803 263
741 661 264
645 419 265
236 815 266
51 827 267
633 854 268
159 886 269
140 204 270
743 723 271
17 366 272
449 338 273
54 977 274
728 888 275
430 949 276
515 376 277
557 227 278
850 649 279
545 880 280
300 475 281
920 670 282
372 569 283
9 192 284
370 143 285
609 142 286
704 668 287
201 218 288
89 990 289
83 185 290
436 135 291
490 432 292
499 94 293
305 740 294
857 351 295
185 990 296
98 460 297
741 938 298
992 794 299
584 572 300
718 397 301
65 989 302
728 263 303
934 715 304
906 771 305
956 375 306
36 589 307
880 65 308
395 583 309
215 735 310
508 255 311
221 508 312
288 226 313
748 265 314
778 705 315
753 217 316
736 52 317
490 398 318
858 967 319
443 188 320
713 240 321
592 404 322
156 365 323
658 684 324
696 162 325
134 875 326
212 132 327
337 974 328
446 246 329
121 118 330
122 530 331
634 375 332
478 340 333
194 442 334
469 865 335
673 189 336
48 186 337
427 555 338
351 202 339
602 749 340
624 174 341
630 250 342
104 578 343
149 955 344
672 818 345
359 194 346
337 121 347
867 718 348
327 916 349
9 25 350
457 65 351
898 698 352
172 618 353
25 536 354
297 266 355
817 746 356
121 386 357
402 771 358
842 614 359
189 244 360
392 70 361
889 212 362
265 955 363
22 946 364
787 863 365
892 470 366
43 301 367
519 920 368
674 175 369
276 278 370
597 347 371
133 385 372
55 792 373
269 378 374
613 488 375
320 855 376
755 348 377
865 317 378
472 936 379
788 580 380
693 884 381
928 729 382
176 730 383
657 482 384
67 718 385
795 737 386
982 460 387
305 1 388
421 211 389
177 834 390
525 270 391
727 432 392
437 29 393
562 477 394
48 791 395
386 968 396
400 510 397
724 779 398
127 339 399
562 41 400
587 335 401
320 498 402
505 844 403
613 356 404
338 884 405
993 128 406
215 458 407
922 242 408
237 709 409
981 689 410
809 671 411
355 685 412
588 98 413
14 620 414
493 934 415
207 673 416
998 537 417
316 967 418
342 365 419
262 832 420
50 681 421
118 672 422
39 370 423
942 773 424
881 616 425
52 173 426
99 756 427
765 126 428
865 228 429
253 879 430
996 151 431
691 84 432
788 661 433
172 575 434
797 115 435
980 643 436
126 894 437
69 108 438
882 554 439
347 944 440
420 199 441
822 572 442
379 647 443
607 315 444
763 704 445
27 605 446
484 647 447
837 203 448
770 469 449
203 182 450
101 404 451
625 822 452
259 442 453
293 695 454
357 982 455
822 299 456
828 130 457
871 155 458
42 572 459
400 700 460
737 959 461
642 676 462
528 906 463
396 782 464
81 948 465
846 667 466
204 377 467
976 31 468
69 469 469
160 324 470
795 450 471
581 600 472
806 710 473
900 619 474
4 783 475
584 753 476
369 648 477
334 393 478
626 638 479
39 204 480
782 112 481
68 540 482
784 996 483
736 554 484
500 141 485
164 509 486
59 979 487
358 242 488
380 663 489
537 683 490
705 160 491
528 973 492
166 452 493
458 680 494
799 775 495
365 669 496
64 194 497
756 132 498
448 653 499
736 102 500
819 852 501
928 387 502
929 616 503
15 240 504
697 340 505
332 93 506
513 2 507
524 283 508
757 76 509
98 289 510
396 878 511
897 409 512
637 257 513
127 799 514
721 562 515
733 410 516
423 421 517
996 921 518
517 430 519
337 634 520
236 513 521
762 815 522
317 837 523
589 30 524
303 450 525
262 596 526
286 729 527
887 876 528
940 389 529
917 127 530
658 164 531
3 838 532
229 690 533
40 302 534
659 320 535
836 695 536
194 982 537
30 247 538
732 220 539
266 586 540
881 331 541
682 3 542
69 338 543
905 951 544
935 702 545
993 119 546
438 522 547
953 373 548
82 328 549
53 341 550
714 406 551
948 511 552
99 173 553
261 807 554
900 726 555
822 951 556
499 100 557
220 334 558
465 337 559
53 738 560
511 532 561
942 9 562
962 328 563
513 824 564
749 228 565
558 678 566
564 834 567
236 800 568
998 933 569
707 541 570
887 959 571
850 946 572
690 161 573
853 442 574
722 587 575
350 565 576
679 842 577
480 254 578
660 695 579
139 227 580
127 307 581
798 975 582
421 776 583
981 704 584
670 939 585
347 519 586
884 747 587
666 221 588
109 145 589
894 202 590
13 171 591
948 987 592
578 19 593
846 936 594
684 166 595
408 41 596
231 310 597
747 522 598
20 229 599
401 388 600
212 89 601
81 234 602
406 342 603
314 846 604
936 908 605
174 714 606
633 996 607
721 382 608
870 473 609
405 763 610
714 904 611
26 352 612
209 205 613
298 32 614
618 811 615
626 45 616
850 907 617
934 407 618
95 21 619
960 322 620
680 332 621
850 106 622
206 798 623
665 555 624
943 443 625
843 69 626
352 899 627
623 72 628
128 983 629
472 643 630
201 173 631
920 91 632
935 543 633
661 981 634
515 886 635
698 568 636
172 720 637
607 528 638
78 737 639
306 335 640
510 389 641
977 807 642
527 167 643
155 533 644
181 665 645
14 519 646
679 982 647
670 767 648
143 572 649
538 329 650
957 466 651
544 136 652
167 605 653
452 555 654
521 992 655
292 175 656
607 400 657
146 761 658
692 547 659
101 898 660
288 93 661
994 449 662
887 538 663
385 942 664
872 992 665
565 843 666
40 912 667
41 596 668
547 342 669
518 789 670
133 577 671
396 555 672
200 986 673
214 140 674
826 505 675
66 553 676
893 534 677
211 444 678
383 959 679
303 505 680
448 29 681
71 544 682
500 404 683
256 148 684
719 911 685
64 457 686
235 323 687
917 380 688
173 884 689
370 374 690
631 730 691
578 107 692
565 882 693
181 346 694
452 793 695
384 773 696
323 132 697
305 475 698
7 543 699
382 212 700
615 319 701
71 808 702
74 688 703
279 578 704
341 60 705
128 321 706
936 738 707
695 994 708
598 257 709
552 815 710
305 412 711
114 90 712
269 574 713
647 108 714
749 755 715
535 39 716
91 795 717
248 518 718
223 359 719
631 903 720
841 495 721
328 863 722
894 270 723
996 477 724
211 999 725
94 742 726
874 11 727
105 419 728
188 456 729
396 936 730
43 296 731
758 898 732
327 396 733
429 91 734
978 242 735
444 735 736
735 404 737
534 508 738
785 888 739
385 639 740
947 79 741
703 840 742
422 411 743
492 754 744
705 701 745
381 280 746
930 640 747
620 691 748
431 402 749
371 249 750
363 871 751
520 477 752
213 623 753
436 787 754
11 584 755
292 992 756
78 687 757
998 448 758
131 659 759
936 710 760
370 261 761
752 884 762
176 492 763
212 938 764
234 119 765
557 945 766
323 6 767
981 759 768
984 416 769
645 658 770
299 773 771
272 472 772
992 245 773
527 328 774
510 627 775
226 531 776
59 507 777
388 719 778
271 978 779
151 389 780
892 477 781
596 156 782
731 630 783
876 834 784
490 866 785
106 104 786
304 695 787
406 37 788
14 792 789
758 467 790
396 810 791
670 482 792
771 640 793
287 577 794
32 252 795
779 15 796
488 32 797
19 879 798
983 152 799
579 983 800
491 90 801
278 730 802
804 615 803
497 473 804
386 800 805
89 682 806
547 730 807
305 654 808
632 485 809
779 280 810
598 291 811
765 215 812
626 964 813
86 346 814
404 806 815
387 509 816
75 220 817
353 370 818
903 823 819
276 792 820
474 560 821
638 412 822
847 933 823
893 565 824
692 491 825
915 272 826
36 97 827
502 211 828
639 681 829
778 203 830
438 52 831
525 939 832
254 820 833
444 682 834
828 34 835
998 628 836
576 390 837
851 716 838
308 191 839
519 955 840
526 733 841
71 224 842
536 97 843
305 252 844
384 412 845
406 327 846
858 370 847
542 632 848
168 677 849
590 346 850
933 387 851
642 841 852
110 435 853
500 286 854
462 99 855
595 793 856
635 709 857
549 427 858
615 145 859
417 209 860
641 812 861
200 620 862
562 272 863
910 763 864
477 404 865
358 671 866
896 448 867
315 118 868
18 661 869
879 434 870
570 478 871
56 668 872
43 545 873
777 605 874
913 917 875
805 781 876
518 163 877
719 608 878
570 891 879
230 537 880
372 235 881
34 787 882
122 408 883
643 167 884
770 63 885
610 699 886
216 776 887
364 998 888
101 589 889
905 301 890
997 118 891
563 92 892
46 969 893
48 242 894
32 986 895
224 384 896
961 435 897
833 654 898
537 82 899
385 125 900
960 258 901
836 46 902
111 64 903
705 625 904
483 416 905
411 684 906
957 473 907
508 887 908
779 564 909
991 97 910
217 141 911
540 357 912
887 290 913
696 653 914
195 907 915
19 153 916
109 689 917
831 659 918
287 837 919
989 15 920
791 27 921
897 550 922
808 936 923
782 742 924
2 700 925
85 774 926
524 763 927
953 935 928
309 710 929
86 590 930
274 552 931
349 234 932
857 26 933
588 557 934
705 418 935
855 459 936
749 242 937
688 119 938
891 85 939
851 454 940
519 958 941
985 500 942
874 289 943
760 224 944
316 435 945
391 300 946
878 504 947
706 979 948
776 958 949
428 774 950
649 152 951
862 674 952
807 315 953
637 233 954
274 120 955
311 44 956
863 747 957
77 326 958
915 775 959
189 152 960
120 624 961
727 238 962
636 480 963
545 826 964
359 808 965
797 177 966
530 211 967
897 801 968
741 718 969
520 764 970
745 670 971
75 361 972
489 694 973
865 127 974
419 705 975
782 272 976
659 266 977
733 886 978
101 19 979
646 33 980
225 318 981
265 852 982
880 390 983
170 10 984
52 152 985
641 7 986
822 789 987
189 678 988
980 657 989
586 604 990
683 589 991
618 165 992
996 173 993
174 953 994
950 86 995
913 685 996
717 254 997
727 712 998
163 712 999
218 888 1000
