100
122735095130711776277678909786524656113553513529372926953209895157903727948096133415734674262419351677056203920546620059735592789318539381888 878757590923218953203994262557911308512819091418019721765742775162333854194440438922409804679420131359035974174445318434611844201364288657333262757857822722843
55552739039001388250442250370140036912580081638811729502506333437655013816529953382626530941070233 141779710371749837906402368932004005017567345185931817746255233092890844041828170757080193927190360505187633965139627432304438480021080013369196687364263989829244247848
4524571369822132405372105044429877383553540528499936961879066807216995720953629901321083961428840324151824167485661579919412166804922909 48104185031004525296697739486381232038424151872561156095350630389437931335552419075693313825448609439420691589321011464180378049846592299392946082148
2676954582041897184085428082200482167916028739393125401515661243001083684066545382236468942772216824080930668883058 7874886842886778438484965778709274669618312363433369114946891172473350130070309627964635561053687235644801876637565025962963938
49163685277861544174234598299719217057887766046588899281404498055698433358945707919311602679067793685320446127648309786709704940605684637 664136671937676720998744455277767684617323335690918867945611966192896794280433026277446078665371233731634124830702950494193933379762655004714527446897997017188726908146894198073714
581385405705976074934073324216383309466887898068861810575174118060182990373231 61751225272732575170469174616105847423178166780002892004955999243088288738565364888343701841741960385082149195695218296112461
608208578197601456004436701464896540456202264756418105857748272147773210093497 3423844377817101225179158698630895355322385309338901218342110909020384702043931009394458258855477114908341172660541040401273945121139674844584428537426776
400031408432 9145562162181350404209066148119220069885225377044821005987923517084920452823029687594581326051077087039766694363525290300241700060343981614543899619490274
8173902736895601084471343423833139 8386875092206711373536401380716760593539052159971263682749968561625930786130395345290456342698473924180311663020982250939922420740627739036611364394231353608773271284019115362671
5807146372997196051992761170845570673506957219172850025001477036699931174343523415608239018 3932325375889942468073314178210716558318741521830933398898933247023472471375442816185645494042705214492963738205806962415516254770064634512
7478815074935122670025429157074474154627943565727329734995080693602150872080341121887546979706736724501651055662184 15123115453443823418115250624438844136419165605016045338641500033854561474578503288220041376037020034441535437529886073073648011804456849019
2285093778960864332666753412046003408244975075165097169578469079171078203371344 48593204254286882799458685740342776198544836985838116891252281868845785074472798964621816948316517985896669355546643344943921735863216488943453611249635420648764420755570463273861971883598095454363630
42194 6859055253511686516865981680031676382663067107369035572213395376166521066306192307273439251910070672243921246829512402525405404420764705909376774644953575035632359633550334496
294156511544937046930244 521712106320053368243990760053474693262079915610349960197316978707713
37319168432692227682394741144 91586081691841610492130244658463338294353205709122646926295522283957777135354242498918975571372156651084170528802653497195353192678126
872762290800912563288575318899479474082891792758543786 16642293333871981558965194677728600272746429127268741695756597745372126395409156726853252667006175833088639535935461787335517276569711235584196096979711247956822166885760957304884793222638020342059897
392680000227166592470553159041483813701985602784063765498041716778212484006069388994615161798574175724305423447 167788926093807778106302224547610212662869544278092822449509861840932546890560894393557878406128761505042224360259519540739890410867397742745058581225391017295630924959410810427312053132911903979912
61451480194068697840999320549609868 920888298781335499153831360547723463794312057878786779439178846
76478372056153525728999876017360013370737295807024800111262008431575419678021108227817635625934005950869904612036739631411424226641618667820353691 46576274530078936670017325278133261433448065332696216568204018859349859865785569967913962053904750304107119329912406979457656400562234426226197246721115488318802195249437059945119
71382934237640894 610883908906816699087326215410384219413756883626332772758738184414113311637
4285813766124094311086999958023209807402756180370511169859548656170421482698625165903474 9781556539131996559060156786104623386326330654662878268283585465450253377938240039151073800111226232664385933301828570475171487605803411583615903645646797858942576585011
8399415061447465217713596498705143585424638445389119441024230751626855199830775547566405 886002172918138257233166433960442854450766498934484322345989170935808378132849811639138402578403605351237008315395682078631235097366853145468524756722814137509960283362319865
2710146174086882037396234647550646034 138930760863438892591495269157743920197548447945084019510796437301061550984561471571495894384401466687699730785773507
438081407076815453765398615708805966636620579501 866936126150426407156145754529769800830655570677073993730479894847356607326112224992681379999292569410491581543
7355187018264991542082753522683051317644775896929009688868177157218364735186 244574489328305878995950049576610189589441002242678722752803020449473527825462204039555903552101
25535665396677291137165676103170 354358813009603887137065551037818946335137329310590423661763524568938452572047937992249754976939148580114697092368743312956965158891492767709261986
1530686888165904207543244072549245346309307574784737807685771434281119342282031112282462853080042066127041090 34988324364599763762851801302808659241832017018571696103924919434916599700071739594373045630752581586147746240
203794681695854594249532605070256653337371 131564705271510091499041566043289813067002707758236543357091980058961357727258476886291231486496036941010387541
99836624829033550085485511958659212960955022333919953614475023398677543430150744467563236318560535840695643243435710962721402621076811728848468812092271600837317309909 153224506813465736468856063118956818452578504405435691980827974144929099790524755308328264574648429750456062475348389821148872134025893013973838589302349742955793878702032606654934762655316521594
89268917111238699447983800191737162502846805 4223155999868511961339316562230880290921485481702861789067880348172153072620417588200642780721405
5 8377336222971322808591
9085354840584804027308977881431802283518740223042003368043457498529002002707632799706850507330801680538225936142426893152933002590509694104199802941143453042180 31317973481334645103079915633611245419207676817982951097301593068326722485983530021102569166819294053201875970241007993073545225209530058263852338719821608427176705741707062234058741325289591
884629930878848064594919836584891908 9683679442372015987019116342432565945282145530812227159151371939811179271313703084149615122821893801682590124865240365459690435533293088353845027
3729716131641910735537323946772365779693005 9150306355025258830235297198862042783376111580686822893835675738441954461447577854661540458032212836515251878123520382578110126
570361315851515898468054417411539959759291717155129551107774942958705251271850998 966976804403241587424203492633758491661431356748623263224606153231880269172892582475418173268927173367065847600917661732681069895961189600330053716567277896
5705441142781433884663270687998450815089420272120160503318792718581148493903085229504133292998879834 66103581244000352229288086238428172780556304373614858081669218204164891463977999224428708825360872181577299386098882483595931576567129610566886218
164171465421624295914617875969375020923290487517999425693527295661655091 307981272281713797802662417436629226871706474231482080568181914590562697748036947634573380403781995508942974617234188114745410561183816656637414149450677559032340801
574400070321233721938847073035584 87218282412803028535075265828382593313519213850799086292057341480699488788266574489509226339786510709378826379850179242746605308522450746337134361
21598709807851782602696680122198 3104596467190713753820577123201567222777490556138032636969781117937074447397660847190962495475106462541639734082049533119349019410267432663432290424640
444619726004214703680537760207648715630760558422594231184845829092839653850073067258016559272 78910956922802810397098839613926595571289990986661459246665818963525738929873177838275540900300639110798350308927102142179457140694744948
79366752111117395942593551269779161967755653778402677687926836098681442124919773357144978070383684785902477935614628994716553015175622920204420368786543503578054 8111482773641485709744295283572749523178583564519703204020224854844407548338840962407229858589337547681789516581799366027767921512963608157986727544251556537166848648
2094327259 495616429392061307764969837952210975372972082905585457979730386839101474256334210437033978953882558694542443215530574473628081541270366018820517899897030820176397982635365069192853
6696409289345519208585134791892450587687288284736259269989479232190743609029801777 65265389729458067713566072791366100329651812243195968188470271446272042098788894341637626481769588754470675
43578854684105605194649363926248387655285751724237421201922251051908896 39118174354821243104205112576730903602077705542960610769392985559733231239569672338216821929821338662404926160020127158905430056522976788043769980304968003135088316150435
19662105207953089125233635521956865755 234901702196995822674409716004024692103503063189292549011325267277438977580662697248183975923472514092744255566746591023452028886811147061068128265036948238
69925177958107424216859563078768975763039116131085980091276099281571493713848465410 477809874410823067128252448503893769937479416856337746287141443318548885239984024286196915033888270070043256871984539721233642603046116021714575282316707826516526191291484
323230830580318606730442725611659786255243537 513441282583527705377933598357576169999952694937583964433552248457961770381698758615277751172751753579762049488722712716776007282990725200259078451990612902083821403267072900668742357373045659545860
146093870319842711089564642637015570697034783553 205586839620412317668395480906548371570521638155333433800470088
7873423464744442631874004793528597427205398071454339779840755291804596101405717429891033146931645146890832270537032132 87731416357664905294072004256207030224043223279401405852824061158067499531781040498346409049638941072736473342997624445300714558737116213554114639618292304462378581884678
32263990509984324459749735187140993206382924387608276057713755162780945746114387936048330157937871719130361250552733924276980724692280998698141 48651366650822148685557654239616524127940570265472860940402139759457066970836089278642191780431607608008713053120892111766547010025085544324192356185197074591432878664564776380922170193249204738
87373869826241844574104053162985857882771058876489749201398264652879541437288196164466812427106811713294951160024555563142894694661838162828190452 12303703756647144529823640911430126443947532716216976610151297204719923847724212305556770489436464220951871713026575274925932216123213166454838190739511125066079204
128672988 7256816273497540672269045798357545353658765353818109215694465379992619169213120223252734377639303390069356828146460322
108008651002374453678406655982120464633031241837320072131875900272095802742986998750900770169521925797566014340 962098010202805868590950017443280383059474138634060436950935095686461310014040526106404886777253167156013504518352598
69562332071599619165811676736981208450748088977721533134018839623824849052338246532329787928144199329530493693900490029136999221848027 94112787254427206294230658631043978318987131564756710563839961616381447042544849353188423242069127413393434115950254078544140551415754154395739997103
252861296088414421642 562282826598393658684393357940080830602013037123541412792125755349715480013212476263748730706547339478052387712694481267851526664961857497627309214702020102910161762082011992448815274830022
9485040244308376889873470710416 768997186627548415737927813971317046
5542249785383592470 5897952678286186602381036161877236974016135245385813351030107
8687906017338841062 492494194474290143608765406449196574263330056020928812878578727649194580064362778917059373832065769626223129281541647596036
33361564629023383121999675071475445501075685414550957488595884420280834845330933283275 3199283026497901700006691206063452398877935969591106791470476808463173273375087652984658552
56907572216 29894395698879724
7621533291544707843299 765570708311408154085260472238657737933809416853108937480731209356069432241
156950041168377808963480771299179679370976504663431734077620 95593332091093917440511294794303824149322661699698942269520413528937889762099424760833204984758617606995893632431434509072510618814034213629442070844133148857996127242513946073906899257736421
745190963323654056624978924509017589242040228828046645618380473379191992858072669447569161111 22638332531759063365065001819070953378794824586754232414368895636890970237202541447749355593345472771217316718785847951050472065823467840
24933615928308037345051 730534183643884892634013049207157388376347920688783226702
97701752190514835165451304624496573277775761352645516397727880041926934810598503546280572146988862328448217118227795399294428702850664147925043535047781504 87217964036323374920242818548134199590336638279994030698675864252296530953942976526100983124168033296814351528464817897876094384986359284518146932108781116614715050101401804992067104
34249758032284704053377030815852796818548942311091167314104198783744645825104105334861536679715119283421874448852978350565182545241593549498230934416449185972 80929761269477133379084710762283261687601266964157111351324773877968315883434023659261463807358385690870560900669587548511652979644397714045146777999418871351821870
5875957444018156136535581538427307536694639811471338240990588733686668727741249965474612254246111084715990648181116512 109172109273984142378217735105615767159336775840185096294468925983503180382945042280631530399039461048376623547120526810291588134717282209518426326180120573168759939742346766
428025054933901251455620626197114767117141125869255262471692088900346309810215325239132956302621861091856226393284955733116725766247309 6368404491165087748909250093705339769268867795738559969838008971134214034612069191708524632416592602161572611645352734262976271715812048187536643170007977611411259965
5578112266975362862311524101450308135803384805739045993475761521083132479842210483265534580539 87379350604449355903811349345247342431213926687784347116044277385779536870114558977405794516307863183412342090477798855350563105148333962
174505382787199256010609995988040275864978448548607 54492884164109152020648477349673445695688532259972613768548610626677152952538938476076713580495482783616630719651319200038328565067322988626550870123920164212456354054883
63953134 57833116177636323928573105548759055883206
5829 478121664326669874451137718822
81492432983929150241524210569289241707510897146582166831877522857009660443183664371781149977575049384881842 4856537662859114671429862596744933688311508850314311745520274153536349423048414952115811938565097197733768128293352787996730776573
364215286657294631924825833456824555791487481041924148841482185235752820908392149187869750264671339 7597877454531498041083674012536737425215596893996480031987756386062723210709981491154277302519762336297005799147273598835401130793436533041
550515338331283064447786867683316690337571618825 10038067709119769732659168693598850750948007185147788302453271503929321862424705647831693
4745316157290201247534387309386808863283399162636562117585124434873962951058600115049567707625957417117382076437795164535146262695 66970596886441407727265575502291782961805278283309868474502607393841351193696071398328237956215312772109232128971203905144413970943049739321354244484849855355
228 7890067701761018464710939884668719653912128281095345118672414944039369136236327994663460574
571657736341157173183627642537839968224854495815212514659992881053792188694739933 85565244687847483055838870223665356382396718138134662943418860653899951185078293480954512097862778797455672711670058174026181337749
68091571956805683492322669250363563947457030347042681346109686876388384188277653700507314055671140739752567556917201796324 701322300994381445794064302823441019783859560559993831049141661794494601405936925145320226938844887760170285460839851308463462836248682833682400800739392257898391336773897646753769
414262772272873248382032699403314071184911667336506691636119296055311091270721486984968848465774315852623940844470 80870620852819602971418663924787667879140288445792998045722149781461059509100531301436087509972041429220652047452961174333505
112266429835792103355956105076912515206024622714044679717 23638256571655237171092481800704619459631763191151937332525069220573161462277224620408868127194260197806565
16953136728043513393344960649376435999671056973742353119447881774351 154792279247205648964382566749563800587043662518212679921551218628060853531248832180756683588606326786689854408075858208877380569178399796844442652611605
1480216736331583553391120906824147492319924390882110749712214385272497952108742077569276182730972269504 43990165168459415011900620067440021070000886593834899979752153234649718576356361219246394711589848147624533968512030415792529531850358297840749196700483712605962
8080205847673421895223192891021089889062477748257131076318835018431356544882307093940659495000526116228551598477665023941708589968 99122234421322627766251252697295993102843816076401260260981304881457802954200905820162735845629118930950402659852159911566442461975
74779910621490974262910646514216376380111324371291669539809980133843040409745816193048944275123224083149537433094 9690724955642610274891763157894040342715059840280678363840761202735682921085901367542418550310420540330623077831835349486160877170538602644204441078581514721130752247981486972368874388497987
939681946661100407506283137545971899703453517020101601134420633239701324330298551666122805567095137896902052271808675944603784220918204 850635099523273119842557512093034922079685994473513668737002361117148736547582611059683659941537013587531544774085170492095969344571660766036
6261875098983696878394 9517378740446468781055745838798515619804431994396702000
699226970448279519402567574196028865336409290483284954909457 23598633258924295022789792033900408806498159760500082491081119379449806611900773825503301513754811215931861259167017544725903305722239031157385322236922807305927264956239384
9195752302557154194996 77724431012122544345322546827255373253795531838047324115660685812753397217000402638384638904162726366935231730624154945681801165413138628505378301322313791804381
2343118023179 558195721424771358048325169954261446389400190218916814596951852166564034936542
694816743945257327400866227172133563699953796845657385598819098919997654732803324793471944365453704493310648269428399995164 65514499482600529128315824563590783237062577812601301821053993798174351349553689998779225421023179126489952783930486973250905930658560101381848176233544307157620589844404173462652264514686716394722792
70788814505460297500162055398002270412234842420146845117207459089211815658824673365735771107034789162544351015532874407908123945538384 493270791683491886086090516278364378054232537728321143147426215551629830819667455380100583353698150485899891058941204189372089429054704386789388441489007541834627544944465631530788209704
70952480829979450028505651663427480135199537981855265925737683960084763899415924881939255014945194501499833503740165522840549209232306534941610362583254779 2942313377475146869386377610490137871822991659614853376315598763672779917103962526368447350515853072699027715912747635690874919171568252277833275756252352095741060046796775959907200
90030680146729509355869217292994038324709712492044140368375274 143219209505112011541296586978624508059678662536921202277785464149700341462791574698128824807048964
6108254208116354804583497739756079443358 5770626937190238702132254450707714219704879797306945658496492774376522101926974928522986202693180657532099773939866651535740584639607576532668976944910
695579862677563319680602843766963657015097858487715256452964665407869725725039364151157976451962990054539384389571213475 2636342352433057733974406865468524961180342649432035179516039225652125759929940046812804184373559852591765149772527475134648140008413180
58516226106053956233712382775121363093 889684316897744826672192069250909013438571519107
6045651956710451170369275531436248797588933099971849597094887313400592856694905133523489854814851677449395450771841771377195233343512285068408665806369756165628 1451459658907545384279555840551556142882689733133218860780614994336355433028111108114534261095050495476088423208712490333017247905176592620471591528706819962669553430491478574682216265093284
961138376263247792407237800 70099766923226831270506326949209915682536908820002404862001109644
208273041805820926890858878411586777872692231034498659384483853242467949098115717027873494613 59186555851579164485848961156242884982521652670651308748592269121455958259096466389807326790471932
