1000
2 8
8 89 1
8 198 0
3 5
1 65 3
0 131 1
6 3
0 351 4
0 153 3
3 3
0 278 0
2 47 3
2 9
0 107 1
9 174 1
4 2
0 93 4
1 21 4
4 9
2 284 4
0 259 2
4 2
2 76 3
0 230 4
9 7
7 184 2
7 45 6
1 30
30 246 0
0 308 1
10 24
0 36 0
1 286 10
2 9
0 146 0
9 298 2
9 33
0 153 1
10 319 9
5 31
0 353 2
0 305 5
5 23
0 137 3
0 312 3
7 41
11 276 7
34 255 7
2 3
1 70 2
3 190 1
8 42
42 337 6
20 33 8
6 10
10 101 0
0 106 3
7 31
0 180 0
23 42 7
11 10
0 308 5
0 81 7
3 1
1 14 0
1 261 0
49 50
0 1 34
0 199 3
19 39
0 127 8
13 128 19
49 34
30 261 49
29 133 49
10 17
8 171 10
2 319 10
99 4
4 208 99
2 229 99
96 36
0 283 84
0 143 20
49 1
0 60 18
1 38 49
90 49
49 312 39
0 52 65
39 30
30 38 17
10 15 39
57 12
1 114 57
0 326 28
63 37
1 353 63
0 336 36
82 49
21 291 82
26 317 82
93 90
52 272 93
24 123 93
62 89
0 135 24
89 145 25
83 86
86 177 10
0 332 4
70 55
40 269 70
0 252 25
26 56
31 349 26
48 265 26
19 54
54 183 19
54 289 7
50 38
0 193 46
19 57 50
87 6
2 82 87
0 181 74
17 72
6 23 17
72 253 9
13 9
3 65 13
0 118 13
47 83
83 156 16
61 289 47
36 51
51 164 32
23 12 36
54 25
0 65 30
0 33 41
75 23
19 338 75
23 318 75
3 26
26 94 3
0 314 2
73 60
60 287 24
60 257 44
74 71
56 148 74
56 222 74
14 28
19 139 14
0 124 13
24 73
71 141 24
0 233 5
26 32
29 142 26
13 104 26
88 61
0 230 2
61 233 57
12 61
31 347 12
61 14 10
96 25
4 325 96
25 22 57
72 67
67 91 36
40 298 72
20 53
53 100 6
0 77 1
71 16
0 163 59
0 69 36
83 87
0 57 43
19 105 83
30 29
29 62 0
29 116 30
38 62
62 184 38
62 196 1
31 27
27 291 19
16 273 31
91 25
0 163 91
25 149 78
1 14
14 85 0
0 317 1
59 40
5 160 59
24 357 59
14 88
88 60 5
0 24 3
6 41
41 235 4
41 190 3
24 86
0 186 16
0 37 1
38 72
72 296 33
38 97 38
18 97
21 281 18
0 245 4
60 33
0 173 26
0 214 46
55 73
73 212 33
41 87 55
12 36
13 168 12
16 63 12
55 12
12 219 15
8 341 55
27 35
35 90 3
35 21 19
94 35
12 254 94
35 145 11
63 49
13 300 63
0 15 15
43 63
8 277 43
11 312 43
97 74
50 313 97
10 218 97
18 33
11 95 18
2 240 18
86 91
0 70 66
91 234 39
52 41
0 335 22
3 32 52
65 82
0 15 1
82 237 54
50 57
57 347 7
0 280 17
14 75
0 55 2
75 232 8
25 2
2 150 3
2 124 25
76 87
0 167 22
0 143 33
22 64
0 10 17
64 240 4
65 43
23 33 65
36 138 65
51 6
6 303 31
6 87 38
85 49
49 233 62
12 305 85
47 79
39 142 47
24 209 47
66 41
41 238 48
0 243 20
33 73
6 247 33
0 183 15
24 28
8 329 24
0 303 3
48 89
0 89 44
0 1 2
89 43
13 20 89
0 8 74
47 91
86 243 47
0 67 28
37 84
55 186 37
0 69 11
25 49
0 217 5
49 195 4
19 27
27 195 5
4 229 19
85 16
0 155 36
0 236 60
49 73
51 206 49
0 225 4
27 13
13 5 21
13 341 8
15 95
0 176 12
95 275 2
16 32
6 201 16
32 226 14
91 51
51 93 14
0 132 72
9 63
0 103 4
48 23 9
49 25
17 253 49
25 200 0
19 59
41 35 19
0 76 3
44 10
10 49 6
0 333 22
75 21
3 83 75
21 99 2
9 20
20 345 3
20 152 4
86 14
2 189 86
14 290 71
62 35
35 359 7
35 69 3
38 70
70 291 36
27 357 38
56 16
0 332 18
16 2 56
86 11
11 100 66
11 61 25
16 80
80 33 7
69 217 16
57 90
90 341 32
90 123 41
29 85
85 31 0
85 351 14
34 68
14 255 34
35 316 34
51 99
0 6 13
49 36 51
68 29
0 261 67
6 186 68
17 27
27 321 17
2 260 17
22 63
0 149 15
0 353 8
25 42
0 343 16
0 28 22
19 3
1 187 19
3 350 16
15 10
10 50 4
2 116 15
55 46
18 248 55
34 91 55
40 59
35 184 40
39 69 40
39 24
0 19 26
21 46 39
63 34
26 142 63
5 77 63
48 59
18 207 48
20 132 48
79 100
100 202 48
0 255 75
63 68
68 98 29
68 171 36
17 31
0 298 5
31 140 4
61 48
48 155 43
0 74 41
99 47
20 306 99
0 303 38
76 16
16 135 13
7 274 76
6 65
0 121 3
45 309 6
31 24
0 245 29
11 297 31
38 79
0 114 31
0 149 1
36 6
6 284 36
6 250 26
9 69
0 152 5
69 274 2
77 27
27 129 6
0 99 2
44 12
0 139 39
0 25 25
17 51
51 264 17
51 234 9
10 1
0 109 3
0 328 9
59 32
0 70 46
0 139 54
11 53
0 15 11
53 284 10
3 56
18 114 3
56 347 2
78 90
0 234 17
0 34 69
82 13
2 39 82
3 42 82
9 16
0 239 3
16 326 4
20 59
6 166 20
59 52 6
88 33
33 207 2
8 283 88
32 77
9 308 32
0 16 7
21 12
12 50 8
0 6 12
78 70
0 197 29
0 31 21
97 84
84 266 83
84 332 15
4 28
25 145 4
0 117 3
44 14
14 288 30
9 250 44
93 55
25 321 93
25 73 93
35 73
37 150 35
39 137 35
71 3
0 30 13
0 103 5
80 96
0 162 59
0 102 80
27 88
44 128 27
70 13 27
84 87
0 152 25
0 81 74
19 4
3 25 19
0 70 17
15 99
0 143 5
78 287 15
90 36
1 35 90
0 80 7
31 49
0 193 20
35 286 31
11 100
66 292 11
57 192 11
45 95
31 252 45
8 175 45
65 98
37 289 65
0 260 57
13 49
49 354 13
49 200 1
55 91
24 239 55
0 144 51
41 88
28 205 41
0 73 16
53 12
0 40 12
0 169 31
41 6
0 250 36
6 339 32
72 78
78 180 45
71 146 72
91 83
0 258 27
5 159 91
25 73
0 247 20
3 357 25
71 8
0 42 50
6 299 71
57 91
8 123 57
0 221 48
55 14
0 340 36
4 104 55
37 81
0 347 14
81 277 20
7 71
71 49 2
71 225 6
22 96
0 198 3
32 259 22
78 51
0 321 29
51 196 71
54 100
0 213 0
0 83 12
30 15
15 31 2
0 268 25
52 87
73 246 52
0 36 1
75 92
92 226 36
0 95 47
50 58
0 236 42
58 266 1
63 56
27 114 63
47 185 63
14 62
57 198 14
62 267 6
46 71
54 169 46
41 93 46
15 83
83 256 8
10 82 15
11 42
42 225 3
2 201 11
52 48
48 316 0
48 182 32
67 87
46 228 67
0 257 13
49 4
4 282 31
1 157 49
53 22
22 101 37
7 107 53
19 36
0 339 14
3 194 19
23 36
13 88 23
5 67 23
27 79
0 121 17
0 83 23
17 74
74 353 7
53 110 17
82 88
42 110 82
37 332 82
82 13
0 327 65
13 165 71
73 33
11 320 73
5 298 73
7 79
79 171 6
79 137 4
21 95
95 229 4
82 89 21
18 16
0 168 17
10 8 18
19 91
91 86 5
10 180 19
72 14
14 318 26
14 67 17
88 45
36 107 88
45 151 39
53 72
29 13 53
72 324 45
78 7
7 333 29
1 182 78
39 89
57 329 39
89 24 13
88 62
0 141 29
62 185 77
54 5
0 205 10
1 4 54
73 7
1 103 73
4 240 73
12 14
14 216 1
14 120 12
32 34
34 19 5
34 295 18
66 75
75 120 35
0 325 30
72 9
2 156 72
0 0 21
76 63
63 200 17
0 242 17
9 81
0 58 6
18 180 9
75 74
10 240 75
32 0 75
56 67
67 241 47
16 235 56
26 10
10 295 19
0 22 14
22 23
2 248 22
18 317 22
51 91
41 159 51
91 320 51
80 100
77 311 80
67 52 80
34 30
0 333 7
30 334 10
19 45
45 132 9
0 230 9
6 48
48 206 4
0 60 1
80 91
15 230 80
42 61 80
84 90
0 299 48
24 302 84
88 97
97 288 88
0 30 62
63 66
0 287 33
0 254 45
72 58
27 305 72
58 84 5
73 64
64 1 34
64 170 73
2 28
28 331 1
4 141 2
22 66
0 250 8
0 262 20
13 52
1 135 13
7 159 13
9 55
0 125 7
0 330 4
40 55
55 265 31
5 124 40
31 34
10 74 31
0 285 27
6 17
14 329 6
0 297 2
10 31
31 97 5
0 12 9
94 56
48 201 94
0 235 14
83 20
0 204 24
13 39 83
68 37
7 358 68
37 57 34
38 92
0 220 19
92 192 18
37 81
81 304 17
0 150 17
77 42
0 90 61
0 351 62
90 88
30 359 90
1 143 90
4 6
1 119 4
6 318 3
84 40
40 113 81
40 78 82
29 82
0 11 8
0 354 3
44 50
0 67 44
50 66 22
92 38
1 240 92
38 295 49
27 11
4 222 27
0 194 21
64 23
16 246 64
11 228 64
46 68
68 229 30
0 307 44
3 18
0 306 3
0 171 0
71 37
20 47 71
0 82 11
20 76
2 331 20
76 163 15
89 16
16 152 79
0 53 43
76 43
43 314 51
0 97 43
34 94
0 23 34
94 151 12
12 91
74 41 12
0 298 12
80 3
3 282 36
3 335 48
36 9
9 234 18
8 148 36
43 58
58 269 43
58 233 24
65 11
0 273 41
0 303 24
3 70
0 232 1
70 130 1
45 45
7 78 45
23 112 45
71 32
0 109 23
32 263 58
53 80
0 122 29
76 123 53
51 23
23 132 19
21 140 51
17 77
29 180 17
77 139 14
36 58
0 182 34
5 340 36
23 74
13 86 23
17 37 23
99 68
68 309 65
4 59 99
4 31
29 271 4
31 92 0
65 8
8 161 18
8 257 12
72 37
0 280 57
0 133 27
31 75
0 163 14
75 222 2
8 98
79 63 8
98 263 7
67 84
0 245 15
84 5 11
2 41
41 283 0
0 141 1
76 82
0 327 37
0 139 30
39 1
0 301 39
1 108 20
60 23
23 98 39
14 41 60
68 94
0 186 48
18 110 68
77 56
2 171 77
56 313 30
56 66
0 154 7
0 308 19
74 93
57 333 74
0 131 15
95 69
9 298 95
27 279 95
50 32
0 38 20
0 119 38
24 44
0 181 4
0 207 10
17 94
0 353 4
64 143 17
93 68
68 250 39
68 250 74
28 44
4 159 28
44 118 13
90 59
47 249 90
59 4 87
76 27
0 186 39
0 330 64
77 96
0 11 34
96 283 75
86 91
63 326 86
18 48 86
78 63
0 272 10
63 28 75
47 90
90 85 35
90 5 12
79 22
22 327 40
19 294 79
76 37
1 121 76
37 30 45
57 72
72 105 31
30 25 57
74 13
7 318 74
13 52 67
40 48
47 23 40
48 298 19
30 46
46 205 25
46 262 24
73 74
47 78 73
3 88 73
78 26
26 78 58
26 216 24
79 40
0 106 1
40 335 77
25 82
82 62 5
0 255 14
85 17
7 147 85
1 64 85
22 59
59 237 4
1 337 22
92 65
0 152 33
65 35 4
16 37
16 39 16
0 121 10
30 49
49 24 18
49 133 29
86 39
29 22 86
38 29 86
24 86
0 153 24
18 52 24
68 8
0 344 53
0 91 36
22 86
10 350 22
86 338 6
22 25
25 134 9
5 108 22
94 69
0 278 77
0 278 84
91 85
85 248 72
0 174 42
88 40
0 27 11
40 241 30
99 43
0 224 21
29 216 99
34 9
0 166 23
2 105 34
43 61
0 23 28
51 107 43
64 92
0 296 5
92 331 52
60 52
0 204 11
41 87 60
52 2
0 118 52
1 93 52
56 61
61 202 36
0 173 34
67 52
2 288 67
0 103 29
30 8
8 313 2
0 199 2
73 8
0 0 33
8 169 54
8 39
39 11 8
34 67 8
24 30
0 247 16
30 352 24
40 67
0 83 40
0 91 23
60 87
87 42 54
0 116 24
89 53
53 313 46
53 71 9
39 68
0 194 18
0 247 13
70 17
9 42 70
17 347 61
94 31
0 56 53
0 197 1
35 21
10 152 35
19 146 35
65 76
76 220 2
0 259 0
44 78
0 225 1
78 24 4
62 64
33 346 62
64 350 61
24 65
0 157 21
65 331 18
93 92
92 341 51
81 141 93
99 70
50 120 99
0 114 17
96 42
19 267 96
42 293 70
82 4
4 83 10
2 345 82
31 58
58 30 15
0 211 7
78 46
46 311 76
46 272 45
12 58
58 331 1
0 210 3
76 21
20 57 76
1 4 76
32 45
0 358 12
0 167 10
10 20
0 36 10
0 298 1
31 94
34 329 31
39 240 31
55 34
6 269 55
0 281 31
22 89
89 45 4
41 129 22
61 9
0 106 28
7 99 61
88 39
0 260 78
39 273 57
10 58
58 13 9
0 73 4
44 94
90 271 44
0 134 22
13 98
37 175 13
41 52 13
31 14
0 349 14
0 346 17
45 41
41 0 3
0 202 36
15 28
5 234 15
28 193 3
94 65
65 122 20
11 306 94
49 69
44 191 49
3 47 49
41 63
63 57 25
0 340 20
1 59
15 274 1
55 71 1
38 24
0 309 2
24 234 26
81 54
50 81 81
35 3 81
56 72
0 15 42
0 294 17
41 87
87 99 10
87 232 28
63 53
2 227 63
53 36 40
71 51
33 101 71
0 324 4
32 76
11 330 32
12 218 32
24 44
0 255 5
44 283 9
29 30
26 54 29
30 306 29
80 78
0 75 0
0 352 22
49 24
20 108 49
0 228 8
12 94
0 322 1
0 256 11
6 66
57 249 6
0 284 4
79 46
0 205 33
24 168 79
34 86
0 32 11
84 30 34
83 2
0 220 51
0 7 83
44 69
0 11 35
69 11 7
80 35
35 170 50
35 178 68
27 7
7 68 23
4 319 27
25 94
0 14 16
0 347 1
6 47
47 20 6
0 39 2
79 57
57 322 3
0 185 51
44 96
96 4 20
0 321 18
36 99
23 233 36
99 97 13
97 40
15 54 97
40 311 64
81 56
0 70 33
0 7 19
14 55
0 330 7
0 246 6
26 14
0 55 1
13 354 26
68 88
73 239 68
54 294 68
1 8
3 332 1
0 157 1
44 94
94 285 31
94 308 43
51 93
29 214 51
57 156 51
47 27
18 304 47
0 205 6
100 57
57 151 55
0 166 94
18 47
29 307 18
47 219 8
45 98
98 102 16
0 248 20
42 97
0 4 13
0 339 36
85 75
75 189 53
75 263 19
33 52
52 83 22
52 170 29
18 84
84 252 3
84 328 14
38 98
98 227 2
86 313 38
72 70
20 357 72
0 63 46
96 12
0 318 83
12 130 47
94 75
75 314 94
75 58 34
66 34
34 292 12
34 309 9
89 46
0 26 60
29 128 89
59 58
7 302 59
21 83 59
7 90
66 105 7
64 278 7
98 37
37 190 41
37 320 98
45 44
44 178 21
34 105 45
86 28
23 284 86
28 195 50
3 87
87 339 2
0 318 1
91 76
0 89 20
12 70 91
23 30
30 277 12
0 230 8
86 53
41 157 86
0 133 0
73 17
17 128 73
17 296 72
40 45
0 302 34
45 141 29
87 9
9 28 87
9 200 53
46 29
29 39 39
0 87 45
86 32
9 44 86
5 309 86
22 46
46 260 8
0 150 4
78 50
30 326 78
0 97 29
31 88
66 162 31
0 289 10
89 16
5 350 89
16 347 27
55 5
1 45 55
0 212 45
83 84
0 217 1
74 40 83
84 58
58 8 10
58 12 6
38 85
0 349 19
84 96 38
41 88
0 60 34
0 175 25
98 78
61 54 98
0 126 69
25 35
0 112 9
0 24 25
5 23
6 193 5
16 284 5
23 54
5 302 23
54 46 21
32 98
98 277 31
17 210 32
86 48
48 5 70
34 335 86
39 43
43 142 35
43 287 26
54 94
94 26 54
94 305 54
40 7
3 12 40
7 21 40
48 19
12 87 48
1 309 48
31 91
91 166 11
91 264 26
37 38
38 149 3
1 44 37
86 1
1 245 19
0 286 3
30 9
0 56 8
9 230 3
85 48
0 84 72
2 323 85
12 41
41 83 12
41 150 8
46 7
7 267 38
7 358 29
100 75
75 350 42
0 196 53
18 91
91 314 16
91 322 5
40 27
0 34 33
0 239 35
77 23
0 332 9
0 157 44
71 39
0 1 64
39 43 56
57 62
62 8 23
34 172 57
19 20
20 67 4
20 253 15
10 72
72 216 4
46 261 10
30 59
37 29 30
59 242 24
6 39
36 265 6
0 23 4
28 72
8 302 28
0 199 10
90 14
14 231 12
0 38 87
13 85
0 214 9
22 19 13
50 96
96 256 10
80 332 50
92 39
15 87 92
22 224 92
40 42
0 114 31
0 232 35
69 75
0 113 27
75 18 5
16 75
75 316 13
0 101 13
45 41
0 356 24
41 218 9
92 42
42 151 9
42 57 78
17 44
5 144 17
16 182 17
76 47
47 286 67
0 192 74
2 27
21 304 2
14 325 2
26 71
1 115 26
71 56 24
97 11
11 150 8
4 115 97
51 16
16 160 33
0 14 45
51 83
0 24 12
34 17 51
67 17
17 141 41
0 182 58
22 94
33 194 22
0 238 17
68 21
21 105 47
0 310 59
33 90
90 137 21
90 239 21
14 1
1 25 14
0 163 13
14 8
8 257 6
0 104 4
67 32
19 258 67
0 137 47
59 65
65 346 50
0 205 40
47 41
0 64 26
41 190 8
16 1
0 342 10
0 51 10
68 16
0 234 22
0 119 10
89 22
2 277 89
0 71 12
59 23
0 199 17
0 240 40
37 85
85 193 15
0 119 31
68 9
9 161 16
9 287 63
60 7
2 315 60
0 134 35
85 29
0 321 49
18 349 85
39 8
0 25 24
7 217 39
42 44
0 319 19
0 73 33
55 31
31 119 24
10 30 55
73 77
77 86 23
77 175 16
61 15
15 230 41
15 327 27
43 19
1 71 43
0 110 5
34 73
0 142 22
0 58 26
48 46
38 62 48
46 244 8
84 48
48 264 60
48 93 22
69 31
0 178 66
0 78 46
2 43
0 302 0
43 30 2
13 51
18 151 13
51 0 0
2 84
0 128 1
84 307 2
63 44
0 231 27
0 152 44
42 84
36 55 42
0 39 23
84 6
1 346 84
0 197 84
21 31
0 349 21
0 193 4
78 87
82 105 78
0 245 44
14 36
36 26 13
36 285 8
53 22
12 22 53
9 119 53
93 66
0 176 62
66 176 49
48 22
0 222 42
22 52 32
58 71
63 334 58
71 351 41
61 11
1 307 61
11 259 46
76 91
0 112 71
0 87 4
16 43
20 326 16
14 157 16
27 65
32 345 27
0 294 16
55 13
0 66 34
0 89 54
80 80
0 117 2
0 231 51
70 40
23 5 70
0 10 38
48 54
54 155 40
54 329 0
64 72
0 271 9
72 166 44
89 71
71 295 59
71 336 34
79 7
0 323 73
7 153 47
62 74
74 27 43
74 33 26
27 96
96 246 9
96 265 3
97 34
34 239 50
0 233 50
86 66
0 187 45
0 19 75
20 97
0 172 17
52 337 20
60 58
24 249 60
0 259 55
14 36
34 141 14
0 251 6
79 75
75 314 43
35 264 79
86 23
23 55 52
23 358 86
59 96
0 111 3
96 180 12
91 81
66 25 91
81 117 66
62 21
0 153 31
0 52 62
68 21
5 194 68
21 124 15
65 15
15 345 36
11 203 65
93 32
32 0 93
0 40 20
80 92
92 48 47
0 199 2
19 21
0 256 14
0 254 16
61 52
34 158 61
52 56 40
95 91
59 212 95
91 4 6
24 40
36 307 24
23 56 24
70 24
24 335 7
19 36 70
79 77
18 32 79
56 155 79
17 89
0 173 12
0 96 4
63 17
10 249 63
17 209 8
97 27
15 122 97
27 152 89
60 56
20 164 60
0 319 53
23 22
22 117 21
22 180 9
76 75
0 302 7
6 35 76
21 92
51 129 21
8 113 21
55 23
0 216 17
0 352 34
90 54
0 82 19
0 249 29
55 30
29 198 55
0 54 55
73 49
49 147 31
0 77 55
96 80
80 19 58
15 307 96
73 46
46 268 32
46 55 3
36 30
1 132 36
0 140 1
97 25
25 206 26
25 334 15
92 89
89 104 18
0 62 79
5 24
11 145 5
24 84 5
36 91
0 95 2
0 349 32
82 80
44 3 82
17 32 82
62 48
48 289 44
48 179 57
29 81
52 178 29
0 284 8
46 26
26 56 45
26 304 46
27 73
70 153 27
15 176 27
6 88
0 205 0
33 118 6
33 9
0 218 8
0 99 17
70 45
9 289 70
45 118 66
44 62
62 226 10
57 3 44
1 69
0 356 1
0 65 0
53 1
0 13 53
0 259 7
25 29
29 25 16
14 232 25
53 70
0 291 4
0 271 32
65 51
51 7 21
51 297 31
66 43
0 295 22
0 28 17
70 87
0 320 17
87 1 1
27 21
21 333 14
0 319 5
37 30
30 5 25
0 169 16
95 93
93 337 71
0 277 85
78 61
61 111 74
61 174 21
73 35
0 193 38
0 227 2
22 62
16 99 22
9 39 22
8 69
12 10 8
5 340 8
99 93
93 309 82
34 179 99
84 100
100 270 27
100 140 72
78 7
3 46 78
3 238 78
86 29
29 101 34
0 105 15
27 58
58 218 25
58 73 16
94 69
0 29 10
0 321 51
40 85
0 171 4
6 242 40
51 88
0 223 45
88 203 35
1 59
0 23 0
59 278 0
86 24
0 196 71
24 76 33
84 89
60 66 84
89 319 4
42 98
98 318 20
0 31 32
42 38
38 75 31
13 158 42
81 86
86 213 36
0 266 27
71 37
13 330 71
37 279 5
36 74
0 291 26
46 193 36
77 30
30 182 46
0 328 48
17 35
35 80 9
29 303 17
32 50
0 15 26
50 285 8
27 2
2 189 3
1 64 27
46 71
24 277 46
0 333 44
41 56
56 283 20
56 325 6
15 81
0 204 6
25 111 15
18 29
29 260 15
29 212 7
1 65
0 242 0
65 148 0
45 27
0 86 45
27 25 24
13 48
0 332 3
36 16 13
58 67
0 185 44
67 114 55
75 44
0 283 64
0 174 46
2 62
0 294 2
0 202 2
25 1
0 256 19
0 344 25
38 96
0 171 26
96 64 23
7 76
0 204 2
14 179 7
59 8
5 254 59
0 192 0
67 23
23 351 9
23 265 5
30 29
24 87 30
0 334 12
18 93
93 268 2
26 310 18
44 40
40 127 28
0 153 44
32 93
93 82 18
0 281 4
18 8
8 206 2
8 262 4
7 92
92 235 7
0 11 3
93 36
35 212 93
0 32 25
23 29
4 69 23
11 113 23
95 42
0 80 31
0 37 52
14 3
0 353 2
3 15 3
91 39
39 221 23
0 243 58
88 42
42 89 38
0 203 45
32 75
43 180 32
75 310 27
95 23
0 335 74
23 62 66
34 89
35 80 34
79 302 34
88 44
14 224 88
0 318 72
81 80
80 20 9
0 71 80
83 45
14 248 83
42 349 83
24 26
25 70 24
0 15 12
25 79
61 23 25
48 70 25
71 95
62 129 71
0 232 35
53 63
63 328 19
0 259 19
83 90
86 179 83
90 312 18
86 23
16 121 86
16 350 86
73 62
0 165 49
62 10 54
29 71
0 244 26
0 170 9
70 53
0 144 45
53 261 63
96 52
37 83 96
52 135 0
7 15
0 25 4
0 221 5
76 91
87 131 76
0 347 8
94 51
22 268 94
3 229 94
61 6
6 104 6
6 140 10
2 60
6 43 2
60 336 0
41 49
49 7 41
49 262 28
37 20
0 285 33
6 129 37
32 25
25 341 20
25 248 9
65 64
64 50 10
64 324 5
12 68
68 139 1
68 221 12
33 28
28 266 23
28 8 20
5 49
33 141 5
14 121 5
48 63
62 156 48
63 264 6
89 67
0 300 76
29 57 89
90 44
44 301 90
6 307 90
53 83
83 32 48
0 219 12
84 88
60 37 84
88 13 61
21 4
2 20 21
0 353 0
58 66
42 40 58
66 148 25
27 29
3 104 27
3 113 27
11 41
0 167 10
0 267 5
64 62
0 171 64
0 318 56
4 59
59 184 3
0 21 2
23 57
57 298 20
45 194 23
20 53
53 251 11
53 41 17
52 61
0 2 18
0 295 49
1 56
0 290 1
56 50 1
18 33
27 250 18
33 229 18
72 52
33 63 72
27 320 72
35 85
1 52 35
28 176 35
38 52
0 245 2
28 85 38
95 27
0 88 1
25 29 95
13 2
1 247 13
0 262 5
68 50
50 102 41
18 223 68
48 74
0 137 45
0 50 23
54 69
26 218 54
0 306 45
30 32
0 112 3
32 78 28
55 73
47 96 55
0 71 47
75 20
20 279 45
2 301 75
36 93
61 196 36
93 179 15
55 68
0 249 18
0 334 49
13 32
0 247 2
32 154 11
37 13
0 23 25
0 309 32
28 62
62 246 28
0 34 24
33 3
0 316 33
0 303 27
33 44
0 42 1
0 359 21
36 80
80 359 10
0 145 14
94 72
0 44 75
63 145 94
51 29
28 322 51
29 104 10
52 85
85 69 50
85 354 52
51 47
47 273 31
47 98 41
47 51
6 261 47
51 11 42
46 3
2 260 46
0 346 15
20 36
15 313 20
15 218 20
71 37
12 146 71
0 295 34
6 27
22 53 6
22 273 6
92 15
15 180 91
0 325 90
63 3
0 134 63
3 198 51
63 38
32 352 63
0 281 47
71 92
0 114 40
92 279 55
83 87
49 130 83
8 316 83
89 100
95 256 89
89 94 89
71 38
0 358 45
33 8 71
54 6
0 222 37
0 335 1
19 73
22 230 19
19 5 19
44 66
53 215 44
0 232 44
55 25
25 149 10
12 36 55
76 93
66 1 76
0 349 30
78 27
25 198 78
0 224 7
26 40
0 40 22
40 228 2
48 52
52 230 0
24 77 48
4 77
77 254 3
77 26 4
86 100
100 213 5
0 244 64
74 32
17 63 74
0 107 60
65 69
0 263 51
11 337 65
86 78
78 188 41
35 229 86
10 44
0 350 0
0 98 9
5 77
77 93 5
0 117 4
63 29
12 359 63
4 9 63
43 21
0 244 30
11 191 43
67 75
75 69 24
40 354 67
82 47
0 274 61
0 273 7
44 13
13 279 33
13 43 9
10 88
0 112 1
88 288 3
80 8
0 161 66
8 243 80
13 78
78 103 6
0 0 6
58 3
0 36 45
3 77 32
36 100
35 90 36
100 335 10
21 93
93 138 5
0 309 15
83 6
5 209 83
0 282 58
97 81
81 355 60
81 235 40
75 78
59 249 75
19 329 75
2 77
59 73 2
19 315 2
86 63
0 158 68
0 69 75
63 25
0 275 2
0 86 31
33 69
12 41 33
69 346 33
52 5
5 76 48
5 133 1
69 85
85 96 24
85 236 66
74 49
41 316 74
0 29 66
21 56
0 41 3
0 228 13
74 55
55 278 55
45 59 74
49 68
65 357 49
0 333 6
90 63
24 269 90
0 241 22
68 21
21 181 2
21 109 10
85 4
0 92 48
4 23 11
24 12
5 332 24
12 49 19
13 77
77 36 8
77 298 6
9 79
45 243 9
79 77 3
44 28
0 90 44
14 99 44
37 13
4 33 37
9 23 37
29 34
17 94 29
33 82 29
60 41
41 48 34
35 250 60
59 72
72 201 5
0 195 30
8 100
16 115 8
100 168 4
65 74
0 120 14
0 313 30
14 53
16 138 14
29 176 14
78 38
38 272 25
0 6 64
38 67
46 115 38
51 182 38
94 37
0 56 53
37 39 49
42 26
3 84 42
26 116 32
98 35
0 243 52
35 321 29
70 76
0 216 70
4 28 70
67 31
0 170 45
31 226 64
60 4
0 293 25
0 63 60
58 36
0 69 0
36 13 15
92 17
4 195 92
0 337 40
12 92
0 125 12
55 10 12
28 59
0 141 5
19 359 28
42 12
0 235 23
12 234 28
37 84
0 99 22
45 270 37
69 92
0 137 15
92 37 34
55 4
4 105 42
4 262 36
15 30
0 303 2
0 119 4
52 100
0 200 51
49 170 52
59 31
0 222 31
0 45 49
56 73
73 272 8
0 20 48
47 28
28 16 38
0 333 2
57 52
28 334 57
40 79 57
77 81
0 189 6
0 250 6
28 75
0 202 12
75 105 4
29 73
73 358 26
0 267 11
89 98
0 190 5
98 13 25
31 7
0 45 25
0 244 15
41 14
13 30 41
13 80 41
22 65
0 322 2
52 94 22
26 25
12 302 26
25 82 2
42 75
2 6 42
0 130 4
17 27
9 122 17
13 261 17
68 3
3 281 68
0 209 18
59 85
85 106 26
68 51 59
73 19
0 201 15
19 133 24
52 16
1 345 52
0 237 10
54 85
85 281 32
13 250 54
89 30
21 100 89
30 116 43
32 1
0 253 17
1 212 24
52 15
0 172 4
0 212 33
13 42
42 180 10
42 242 1
66 12
12 43 23
12 25 44
44 51
0 42 34
0 136 38
3 26
26 207 1
0 249 3
52 71
45 348 52
35 340 52
45 79
58 344 45
57 318 45
36 31
0 40 14
24 105 36
5 47
29 44 5
47 29 2
95 30
27 9 95
19 201 95
31 47
0 273 3
47 195 24
88 71
16 69 88
71 149 6
64 45
0 295 5
0 79 39
38 16
16 111 0
16 63 21
38 32
30 11 38
0 55 23
21 62
27 247 21
0 351 13
2 79
79 180 0
0 312 1
62 53
28 143 62
44 90 62
92 79
0 141 0
0 63 71
34 96
0 268 2
0 245 19
50 51
32 182 50
40 179 50
86 2
0 206 16
2 229 6
65 34
34 265 0
15 226 65
39 32
32 224 17
0 184 15
53 20
20 279 27
16 7 53
46 17
0 322 21
17 121 41
3 42
42 293 1
42 349 3
25 60
2 345 25
0 311 14
98 14
0 262 7
14 306 40
19 23
18 146 19
14 359 19
4 80
0 105 2
0 140 0
26 35
35 35 0
0 147 16
49 25
25 200 18
0 86 31
96 9
0 152 54
7 299 96
72 23
20 191 72
23 165 63
57 81
81 163 45
0 75 18
54 13
11 116 54
0 79 47
77 62
62 300 21
0 200 16
21 46
41 288 21
0 313 0
71 83
83 284 16
0 216 43
66 34
34 254 17
34 224 1
11 69
0 205 9
43 250 11
49 91
91 159 44
0 224 5
38 59
59 254 24
0 129 38
88 81
81 34 42
0 238 42
85 48
18 27 85
16 141 85
28 97
0 79 1
29 141 28
5 30
0 50 1
21 203 5
97 40
40 201 86
40 300 28
71 50
37 204 71
0 29 24
40 99
15 318 40
85 281 40
64 12
2 107 64
0 202 45
83 32
31 250 83
32 8 10
14 27
23 64 14
9 227 14
19 39
23 70 19
0 139 8
84 22
0 29 0
0 65 28
48 14
9 344 48
14 170 5
40 58
58 165 2
0 53 26
36 84
1 19 36
84 220 4
80 74
74 325 0
0 181 78
40 100
97 47 40
100 267 9
56 61
0 332 56
0 358 53
76 70
70 123 50
70 159 3
76 50
50 358 19
0 349 12
81 80
80 159 1
79 25 81
71 15
8 115 71
8 258 71
38 65
65 144 10
65 341 22
45 28
5 30 45
28 138 41
41 32
32 135 24
21 5 41
15 33
0 118 14
0 330 13
62 33
23 277 62
0 205 54
34 22
0 308 0
0 307 33
36 78
63 205 36
61 174 36
91 25
25 354 85
0 84 38
68 10
10 352 4
10 17 3
71 42
15 101 71
16 225 71
56 28
28 337 18
2 269 56
83 36
13 295 83
5 240 83
89 25
0 203 33
25 182 2
61 66
66 23 54
0 108 22
39 32
6 306 39
31 98 39
52 42
42 288 38
42 147 47
32 40
16 32 32
11 261 32
19 1
0 46 14
0 83 10
100 69
45 194 100
48 284 100
1 20
9 149 1
7 139 1
85 20
2 300 85
13 217 85
41 23
23 207 38
23 87 40
100 51
0 224 13
23 85 100
83 40
34 250 83
0 333 64
17 58
19 6 17
58 14 0
99 72
0 209 61
72 47 86
42 54
46 128 42
0 81 4
24 11
5 218 24
0 354 3
67 48
48 305 18
0 142 28
78 20
15 126 78
20 44 62
42 90
54 197 42
90 333 9
66 6
6 196 18
0 182 66
27 16
0 329 3
5 258 27
73 71
33 295 73
71 277 14
96 31
31 261 62
0 343 34
93 60
60 213 30
60 15 35
62 52
0 16 43
0 142 23
25 97
0 232 25
79 314 25
9 21
0 258 6
5 105 9
67 44
31 112 67
44 294 43
51 50
50 278 29
41 355 51
85 34
34 327 37
16 89 85
32 100
46 174 32
0 305 11
30 60
0 286 23
20 87 30
50 97
97 36 22
22 291 50
49 82
82 208 24
10 108 49
26 5
2 321 26
0 151 0
1 43
0 350 1
34 80 1
28 81
0 185 9
54 52 28
93 10
10 226 1
10 200 23
65 42
0 326 65
42 284 19
77 93
86 351 77
57 7 77
28 21
21 327 28
21 83 24
38 84
61 235 38
0 200 9
35 12
12 213 35
12 330 35
33 42
0 183 14
0 184 13
10 75
75 328 6
0 45 3
79 2
2 105 79
2 229 12
32 88
0 104 27
88 66 13
89 53
21 109 89
30 271 89
74 58
0 75 23
4 3 74
60 26
6 159 60
0 278 9
62 68
68 58 5
0 242 11
77 61
60 157 77
19 198 77
69 22
19 218 69
22 305 49
2 90
90 199 0
90 92 1
79 22
22 207 2
0 58 79
6 91
91 7 1
56 333 6
86 84
84 279 62
0 66 38
36 20
7 24 36
11 127 36
15 13
13 47 14
13 359 0
99 72
11 32 99
23 124 99
94 90
11 94 94
0 158 71
38 46
0 225 33
46 37 24
44 8
8 306 4
8 132 32
21 32
32 285 9
32 96 7
75 57
10 32 75
0 69 56
33 59
0 4 8
49 167 33
20 69
0 81 5
69 287 5
14 63
32 18 14
0 261 8
24 97
47 240 24
0 142 7
83 51
37 212 83
51 153 12
74 95
0 83 51
56 222 74
37 26
26 24 10
26 122 34
74 59
0 118 27
0 130 31
71 81
37 287 71
0 358 37
19 78
78 225 19
27 51 19
87 75
33 1 87
12 262 87
43 49
0 140 24
0 264 21
82 39
39 310 80
39 319 59
6 82
80 134 6
58 294 6
46 68
68 160 42
0 39 20
26 81
81 289 13
81 177 14
86 16
16 190 8
0 277 36
71 63
63 261 4
63 316 32
1 59
0 208 1
59 230 0
59 29
28 342 59
29 357 13
94 96
41 293 94
91 104 94
22 49
0 100 1
32 78 22
20 38
38 342 3
0 37 11
95 3
3 202 66
3 307 90
31 4
0 331 30
4 22 17
